0,1,2,3,4,5,6,7,8,9,10,11,12,13,14,15,16,17,18,19,20,21,22,23,24,25,26,27,28,29,30,31,32,33,34,35,36,37,38,39,40,41,42,43,44,45,46,47,48,49,50,51,52,53,54,55,56,57,58,59,60,61,62,63,64,65,66,67,68,69,70,71,72,73,74,75,76,77,78,79,80,81,82,83,84,85,86,87,88,89,90,91,92,93,94,95,96,97,98,99,100,101,102,103,104,105,106,107,108,109,110,111,112,113,114,115,116,117,118,119,120,121,122,123,124,125,126,127,128,129,130,131,132,133,134,135,136,137,138,139,140,141,142,143,144,145,146,147,148,149,150,151,152,153,154
1.0000002,0.40722853,0.34949696,0.42786482,0.22251639,0.49690366,0.3824137,0.40994835,0.497976,0.5698352,0.48795977,0.30461103,0.24884903,0.48560178,0.43300617,0.4575274,0.50190854,0.4872555,0.49305457,0.44757858,0.46677464,0.3825154,0.32880747,0.33687848,0.72783023,0.5163133,0.38902497,0.50261235,0.4983296,0.363692,0.4244634,0.53129494,0.54386157,0.48565936,0.325607,0.43192118,0.3649571,0.37203115,0.33571762,0.41425523,0.574437,0.3447891,0.58541393,0.45927057,0.51554775,0.5196169,0.3517159,0.59314054,0.30322042,0.47011167,0.41064295,0.37238902,0.358912,0.5711663,0.42991582,0.36752403,0.37324375,0.3467368,0.5295335,0.50278986,0.26982805,0.4593429,0.40738147,0.40362984,0.54168427,0.46883607,0.21605551,0.44009322,0.39856958,0.4832641,0.37422156,0.52082974,0.28826967,0.2741437,0.28392202,0.41098675,0.5412844,0.41749343,0.45718932,0.26096594,0.4559738,0.35906142,0.614967,0.36201662,0.32499993,0.2351467,0.33784577,0.42297095,0.3807817,0.37330228,0.31731546,0.4333278,0.6118448,0.357855,0.33791262,0.35232073,0.42793667,0.27652323,0.48475358,0.39173207,0.4099543,0.28489637,0.2841543,0.39691138,0.22624175,0.5967357,0.48135895,0.30348492,0.4462936,0.3746001,0.3722425,0.2296848,0.45607764,0.3893249,0.24783123,0.21562137,0.38708153,0.3748554,0.36017355,0.40250522,0.31041816,0.3834906,0.48661536,0.36124024,0.24050388,0.29344347,0.34485513,0.38201508,0.43236226,0.50507003,0.42819542,0.3492326,0.27650654,0.30581343,0.33649182,0.39100844,0.27167112,0.4006285,0.34425724,0.46620217,0.41772574,0.3595942,0.42168623,0.44153744,0.34025127,0.4583125,0.30627388,0.30892187,0.4174838,0.5552496,0.48590678,0.51199824,0.4994229,0.397402,0.45439985
0.40722853,1.0000001,0.36673617,0.43482924,0.29818463,0.3805005,0.35453314,0.41405693,0.37037247,0.37147242,0.31046474,0.27100104,0.091876596,0.30935776,0.3204694,0.39049697,0.42972445,0.400457,0.4059366,0.35558957,0.51168936,0.32635587,0.3350181,0.37855047,0.51282626,0.41904902,0.358819,0.32617718,0.53155124,0.3439783,0.3014782,0.4425135,0.2512795,0.43692434,0.38568282,0.45335132,0.31996,0.4260103,0.60639167,0.5051463,0.41198838,0.2476798,0.3198127,0.338974,0.4372136,0.29570717,0.21346065,0.38084328,0.33889666,0.47882894,0.43369293,0.3569286,0.31605285,0.38530147,0.41162938,0.286138,0.4186129,0.29219094,0.37993777,0.37917614,0.28656673,0.43791747,0.37352812,0.270325,0.3785244,0.37614962,0.31921667,0.30955994,0.2553609,0.33343482,0.28096396,0.38152468,0.20239373,0.19417037,0.21429516,0.2170203,0.40668082,0.2095501,0.2666706,0.38449907,0.37622884,0.31834704,0.37763846,0.21865873,0.22000957,0.21084851,0.22438298,0.21359873,0.21700653,0.2122367,0.26979655,0.4053071,0.41897985,0.35203773,0.13136564,0.23956594,0.34854865,0.10719436,0.26960903,0.1910511,0.24942228,0.18257475,0.15314135,0.34613,0.2100927,0.36083016,0.31572196,0.29219583,0.42306998,0.29905796,0.4159892,0.3241368,0.40866458,0.3303643,0.23558123,0.25122625,0.5142558,0.26711342,0.25294843,0.28731108,0.17490888,0.36375973,0.3607741,0.30106995,0.2985177,0.22484529,0.27013296,0.23495723,0.31104973,0.3558594,0.43703514,0.271719,0.20680487,0.09648636,0.22650358,0.34568965,0.33886558,0.29547405,0.20645581,0.31879097,0.33839548,0.2995889,0.49105638,0.30413312,0.35856563,0.49191833,0.30842406,0.19767378,0.2983354,0.34909648,0.3830583,0.39785182,0.37124532,0.25887415,0.36697945
0.34949696,0.36673617,1.0,0.352736,0.25215513,0.31853297,0.4282372,0.31449926,0.42986992,0.46720463,0.34734046,0.46027762,0.16980514,0.56328607,0.40284243,0.4534182,0.44556212,0.49233854,0.46895307,0.45861864,0.39213043,0.35029668,0.29469547,0.30555582,0.42631522,0.36914772,0.4579711,0.29948437,0.41495794,0.35337982,0.22685194,0.4879734,0.25488803,0.4890359,0.5007782,0.50142413,0.33063877,0.57088494,0.48991603,0.47156733,0.5232075,0.31029516,0.29298446,0.3286218,0.39209342,0.28475857,0.1926037,0.38753596,0.3359638,0.48206758,0.59434915,0.36171302,0.4464037,0.41995674,0.38637367,0.36339182,0.4653085,0.28981537,0.3760619,0.5464878,0.29340816,0.42272985,0.5658228,0.3491658,0.44933522,0.46353182,0.37207308,0.31910795,0.25015834,0.48188704,0.37692624,0.40024623,0.26148582,0.088724755,0.24009895,0.27407837,0.47391194,0.34725875,0.18167919,0.31265408,0.26061052,0.31242317,0.3457067,0.18949094,0.26775125,0.15997791,0.22133859,0.2660612,0.36543313,0.3117027,0.32373345,0.21487057,0.33444506,0.31645274,0.17024326,0.28483388,0.27810776,0.16998453,0.1694628,0.15449671,0.3977241,0.22387457,0.16034953,0.36763647,0.20130514,0.358228,0.36542684,0.5069972,0.503486,0.39791548,0.35802004,0.26245376,0.50115776,0.30077523,0.3451807,0.29215842,0.38450402,0.39291677,0.37163174,0.29223812,0.3001221,0.4912827,0.470105,0.34571332,0.43000054,0.14861956,0.2023282,0.2158778,0.35466594,0.34717298,0.45815408,0.59925425,0.29450536,0.25168306,0.3715008,0.32389972,0.37799627,0.28776312,0.25570747,0.2737381,0.46435258,0.29658633,0.45863056,0.5080987,0.4117548,0.38795048,0.48705047,0.39051378,0.34813982,0.52827835,0.32292742,0.47364157,0.4059996,0.22214265,0.3610472
0.42786482,0.43482924,0.352736,1.0,0.4348535,0.5255599,0.43528008,0.4691128,0.5017377,0.48297656,0.4344768,0.40705466,0.30586052,0.4431031,0.426489,0.44688177,0.4731175,0.48503253,0.4701154,0.44231385,0.5035695,0.43278623,0.5078836,0.41579774,0.46386176,0.45533788,0.4559,0.53147835,0.5293592,0.50083655,0.3548404,0.42101422,0.43454897,0.4570645,0.4059543,0.46928144,0.47605413,0.3614487,0.437148,0.40754646,0.47294104,0.43381834,0.4394408,0.43762589,0.52210474,0.42456895,0.4224999,0.47725904,0.38705587,0.54535615,0.333477,0.42536297,0.47408748,0.41298017,0.4420699,0.33040443,0.39928544,0.35594827,0.4207256,0.36330307,0.42296618,0.4998332,0.42764136,0.3998,0.4521535,0.4941653,0.37224662,0.43867862,0.4694897,0.47198784,0.42783827,0.4216506,0.40368643,0.24385323,0.47181657,0.35346076,0.4535749,0.42793363,0.47504362,0.48448372,0.40585262,0.433656,0.40354162,0.34740347,0.3543631,0.62524164,0.39478543,0.38628462,0.36633435,0.5000714,0.3820758,0.39878434,0.4434448,0.64486617,0.31872416,0.3997708,0.38402802,0.2924791,0.35724825,0.33110762,0.39580762,0.34701282,0.4234097,0.3784766,0.33674255,0.44917327,0.4350512,0.30241567,0.4285395,0.32765105,0.69508195,0.3797875,0.41071665,0.5356239,0.26210582,0.40224242,0.39618433,0.41602272,0.3633166,0.45323116,0.23172416,0.34882253,0.40185058,0.34649098,0.30527914,0.58482033,0.26374036,0.38461405,0.45887095,0.43317932,0.46900317,0.2840111,0.31397197,0.23749831,0.33460814,0.46872842,0.34984723,0.48196292,0.42953467,0.5059875,0.4310094,0.5176504,0.49588346,0.36783183,0.3991115,0.48857358,0.4605743,0.36777624,0.41058463,0.50317717,0.621685,0.52723926,0.5030058,0.404792,0.47744164
0.22251639,0.29818463,0.25215513,0.4348535,1.0000001,0.41140217,0.33166602,0.30842203,0.33523786,0.4008392,0.17411391,0.25373015,0.24893984,0.23934607,0.36322266,0.29371646,0.4864756,0.3020692,0.3100827,0.355681,0.2979845,0.38713372,0.41610885,0.3438949,0.23109761,0.25344822,0.3245107,0.3285267,0.3866024,0.3685156,0.1810551,0.31106597,0.2874074,0.2216391,0.18584514,0.3150617,0.22449306,0.2778071,0.2662213,0.3712322,0.27835038,0.29969645,0.25663412,0.21945077,0.25764826,0.2558825,0.25355572,0.242842,0.22579159,0.3749921,0.16352925,0.41202095,0.36166912,0.18427917,0.33883882,0.26823822,0.2713976,0.13854614,0.1843225,0.0774114,0.47104722,0.3381524,0.20176381,0.21740232,0.26840103,0.29166105,0.2681126,0.23740989,0.29066592,0.26027966,0.26256186,0.21555239,0.4377797,0.21340907,0.20172033,0.19421153,0.2920719,0.18123496,0.30738166,0.43091688,0.21575463,0.22716404,0.2169716,0.17277619,0.22197479,0.32861027,0.30518234,0.21030056,0.1851396,0.38317108,0.31643015,0.20446905,0.28384858,0.30853957,0.27141294,0.22379881,0.23620653,0.09865657,0.12990186,0.1385729,0.3246656,0.29135567,0.36330825,0.19032472,0.31454375,0.22131322,0.20639744,0.114424184,0.39411342,0.2758233,0.31514525,0.1881788,0.20630988,0.39945227,0.25560355,0.70048046,0.3389857,0.2872112,0.27569956,0.33813378,0.12021807,0.11908528,0.17430905,0.20876095,0.26158053,0.36610454,0.19572082,0.29677194,0.29827225,0.25339884,0.26547506,0.11614299,0.08993697,0.21852928,0.14511026,0.22249779,0.1340113,0.31536648,0.32768637,0.34089464,0.42761025,0.25969577,0.2961463,0.1512913,0.24091297,0.32732946,0.2954095,0.21186791,0.20014913,0.271172,0.26396596,0.30271208,0.23810741,0.33079764,0.28874713
0.49690366,0.3805005,0.31853297,0.5255599,0.41140217,0.99999976,0.6643182,0.59291816,0.47119343,0.5180264,0.43469167,0.36160615,0.29930478,0.39918453,0.5584174,0.5138571,0.4854672,0.51988405,0.5829454,0.61173594,0.48685163,0.51281947,0.484829,0.47561872,0.39990342,0.5721038,0.5099658,0.59948725,0.49993348,0.43594575,0.33412445,0.36118,0.3776948,0.54037213,0.38906288,0.49483347,0.56780505,0.44392434,0.38438413,0.38329935,0.41390514,0.6365094,0.5645918,0.43912843,0.4452999,0.3411116,0.43145463,0.42647415,0.3555643,0.53377354,0.29842836,0.45034796,0.43124,0.5592464,0.5330267,0.6064563,0.41825056,0.22882357,0.35780448,0.35165685,0.4091249,0.4558996,0.41383684,0.5365577,0.5612259,0.515672,0.40539286,0.63742876,0.4137119,0.5042246,0.36384836,0.48736286,0.4340006,0.32188272,0.38848814,0.2710775,0.38281053,0.44746038,0.6015046,0.40647104,0.3262285,0.77038413,0.36894596,0.35486194,0.29488868,0.30302462,0.45691085,0.29014114,0.6124275,0.5603634,0.40725482,0.37885845,0.42780942,0.2585015,0.48512235,0.36498743,0.31209874,0.42199224,0.26221028,0.3429209,0.33695757,0.38767296,0.3580839,0.3878182,0.33618215,0.5843411,0.7154519,0.306662,0.47880715,0.3558566,0.3903656,0.33391216,0.38693827,0.5446327,0.44350174,0.3234772,0.34041876,0.61506104,0.5059371,0.38426387,0.23966672,0.40325713,0.44541156,0.38315207,0.30322352,0.3718348,0.3300406,0.7972187,0.44356394,0.39056265,0.47468248,0.3426844,0.29901224,0.31555513,0.3837392,0.50071836,0.38356003,0.6681498,0.51490736,0.5692309,0.49927557,0.48926955,0.44139946,0.46005687,0.4226409,0.4404859,0.27948597,0.29860383,0.5591285,0.37062472,0.49250495,0.52077734,0.52104115,0.74706036,0.44856983
0.3824137,0.35453314,0.4282372,0.43528008,0.33166602,0.6643182,1.0000002,0.5479536,0.42054686,0.3776324,0.3594061,0.3841421,0.23594034,0.41791576,0.43134272,0.52750677,0.4759183,0.46999827,0.51956105,0.45891926,0.47108397,0.44882423,0.4672407,0.4511021,0.39659035,0.5773082,0.49834222,0.518829,0.49709883,0.5295079,0.3953873,0.39469552,0.33061028,0.5040237,0.4323884,0.4720841,0.50709605,0.5179007,0.42514268,0.44358903,0.46258944,0.52904785,0.38341773,0.37094086,0.5118536,0.28637314,0.37242797,0.40268606,0.43550667,0.51511043,0.43240458,0.45044273,0.4207091,0.4643005,0.73537374,0.5923866,0.45679975,0.22490305,0.34499785,0.35323322,0.45608515,0.49524677,0.43997514,0.49103194,0.53835654,0.5063224,0.4829054,0.54975086,0.34303683,0.43776327,0.2511389,0.42073494,0.48828158,0.31803226,0.3543892,0.25482872,0.43149406,0.39338976,0.4298004,0.44488335,0.398939,0.7542629,0.3057207,0.26968625,0.23896834,0.19157125,0.38074368,0.23230895,0.5745251,0.44274458,0.48392242,0.28699508,0.37299,0.26430073,0.3962841,0.3842346,0.37101477,0.31534934,0.25772756,0.27012855,0.3809948,0.3961342,0.3285973,0.40051374,0.270719,0.5866492,0.7357645,0.3726927,0.56081796,0.37943405,0.34966034,0.3558178,0.38343808,0.4233982,0.47513133,0.36693895,0.37466347,0.5768645,0.45573646,0.410205,0.2839973,0.42937356,0.44923517,0.39990556,0.3758232,0.25127426,0.21544334,0.548415,0.4010364,0.2958708,0.43182617,0.4195631,0.341761,0.22458467,0.36388624,0.43173942,0.41675156,0.50170356,0.48866123,0.46179855,0.5748505,0.47247082,0.37307668,0.47497293,0.5020094,0.466753,0.37577754,0.3294173,0.55349886,0.37555468,0.43517363,0.46603978,0.5038089,0.6221957,0.41141236
0.40994835,0.41405693,0.31449926,0.4691128,0.30842203,0.59291816,0.5479536,1.0000001,0.41877955,0.4794953,0.416527,0.29278418,0.19006625,0.4045034,0.38890594,0.4671954,0.5245024,0.4646543,0.52030754,0.47514004,0.49806565,0.383542,0.42655474,0.3914621,0.44149125,0.52781343,0.42074156,0.6691903,0.5360964,0.3956173,0.37303013,0.40203932,0.42243987,0.44017816,0.34583396,0.37122858,0.4315989,0.39503044,0.3980822,0.42187965,0.37519482,0.42698944,0.48800611,0.41595733,0.4784222,0.37509644,0.44529337,0.48438454,0.49236712,0.4632527,0.37275624,0.47466898,0.35045937,0.49164498,0.50255585,0.47973347,0.32485053,0.39405644,0.40193775,0.3489659,0.43161666,0.51884604,0.32324514,0.42246664,0.5635419,0.5256325,0.51526886,0.5123764,0.34361258,0.41699484,0.28471467,0.45940578,0.39247423,0.32450598,0.34130993,0.33674005,0.40813082,0.36775023,0.47662342,0.33232963,0.3900422,0.5175859,0.3644141,0.29578716,0.22884256,0.2229146,0.59261036,0.27245712,0.43687114,0.4008268,0.3272236,0.34064204,0.374985,0.35318032,0.32981944,0.43751258,0.30794397,0.2395378,0.25109226,0.30754006,0.322316,0.2756408,0.22540669,0.36933726,0.19683965,0.42775458,0.5410352,0.25616455,0.44289654,0.41573936,0.35075694,0.23102617,0.3852521,0.34216258,0.2664196,0.3098359,0.35469168,0.4337637,0.47402215,0.39260674,0.2302101,0.40358257,0.39512527,0.40907362,0.30167916,0.29433876,0.19319087,0.47091725,0.41275156,0.34362698,0.3855727,0.27214795,0.24342188,0.29290855,0.248007,0.34154436,0.3022261,0.40502068,0.32782567,0.5380631,0.41458577,0.3911023,0.4235583,0.37980163,0.38805333,0.3817147,0.23042512,0.2803681,0.4801322,0.31664997,0.45469546,0.4269848,0.5256553,0.5686604,0.4765368
0.497976,0.37037247,0.42986992,0.5017377,0.33523786,0.47119343,0.42054686,0.41877955,0.9999999,0.56286734,0.47129205,0.36103338,0.37364644,0.5541793,0.56622964,0.4916758,0.6144197,0.5243094,0.5690754,0.56396306,0.46767673,0.5610546,0.4644453,0.4972991,0.4875602,0.46765155,0.4831615,0.4881906,0.389816,0.47056633,0.37310073,0.47905698,0.34172672,0.59471434,0.5032665,0.5328919,0.49181372,0.47014046,0.391612,0.5338391,0.5235007,0.3471651,0.41834456,0.48926467,0.539981,0.50104696,0.33284134,0.49096388,0.36329412,0.64551616,0.4773535,0.4464849,0.5122874,0.52131724,0.44707972,0.3860126,0.33728743,0.33534205,0.5773475,0.44844264,0.4286278,0.535203,0.42562875,0.4806692,0.45774323,0.54573876,0.3908446,0.43374658,0.46774763,0.4452122,0.46194243,0.4458634,0.35119456,0.26700783,0.368236,0.38565412,0.4408779,0.43740505,0.36589193,0.44992927,0.5084276,0.36245295,0.6642883,0.30654538,0.3491521,0.26708525,0.35541165,0.32108736,0.35367787,0.5244946,0.34929067,0.417489,0.47524598,0.39701018,0.25469115,0.48277688,0.335415,0.23524651,0.39176252,0.27674183,0.3977613,0.2584281,0.27277708,0.48806155,0.19612145,0.4980144,0.40126163,0.37501281,0.5537944,0.32232884,0.4642104,0.3313197,0.39149773,0.5205877,0.31163597,0.32906538,0.37506348,0.4236672,0.4081383,0.46871176,0.38881195,0.48354146,0.47050515,0.4595064,0.35821143,0.27416322,0.2545085,0.29159042,0.42241687,0.37789372,0.48725012,0.4460367,0.3880158,0.25786552,0.54084575,0.44380546,0.47725248,0.4301315,0.38978213,0.42753655,0.5563439,0.41490173,0.6915338,0.51439583,0.5061182,0.48382983,0.41879466,0.27690795,0.44421735,0.44121933,0.48409986,0.457463,0.5391352,0.29318213,0.74481523
0.5698352,0.37147242,0.46720463,0.48297656,0.4008392,0.5180264,0.3776324,0.4794953,0.56286734,0.9999998,0.4953693,0.44815642,0.260941,0.50665593,0.46769267,0.5187377,0.6408464,0.48911378,0.5372579,0.53167355,0.43196183,0.46426713,0.40065867,0.4147179,0.5462946,0.43293148,0.44095534,0.53360647,0.53760564,0.39072853,0.31208706,0.5989218,0.5794979,0.566734,0.4976546,0.5771992,0.4035444,0.47142375,0.3382424,0.4661302,0.4630601,0.34730792,0.50503564,0.42581102,0.5232905,0.6286465,0.41931498,0.702616,0.38971555,0.5417384,0.4322893,0.4957877,0.46166134,0.612408,0.47992405,0.46738672,0.3633393,0.5608928,0.4526427,0.5333905,0.43049198,0.52638006,0.49126053,0.50596136,0.6297641,0.50455725,0.3846482,0.42940888,0.50771946,0.57255197,0.47905922,0.5752344,0.39968407,0.27745846,0.36114743,0.43730444,0.55644274,0.58505785,0.5292723,0.38992947,0.40754512,0.32154298,0.51125973,0.23658195,0.33020884,0.23935115,0.43374068,0.3152145,0.36663085,0.509889,0.2900225,0.35322344,0.3849281,0.32005754,0.33476835,0.46477193,0.28764457,0.2710723,0.33814985,0.27855557,0.6219598,0.38132358,0.30703896,0.4053188,0.3229662,0.40250313,0.43505013,0.30348802,0.4765741,0.40450472,0.3825485,0.30876473,0.5329185,0.5798682,0.26828042,0.46008164,0.34136555,0.40800017,0.46936858,0.5234127,0.27378857,0.42049828,0.5062736,0.34065098,0.29469898,0.2974905,0.16881391,0.37027615,0.3880646,0.4063001,0.40843752,0.3670688,0.2378596,0.41104743,0.27236277,0.40309587,0.2857287,0.40045235,0.42582977,0.4320935,0.59998834,0.38097805,0.5742873,0.6264881,0.3182612,0.49650833,0.4237432,0.42252135,0.34622496,0.52709043,0.55811286,0.5325334,0.5293593,0.4201519,0.5207927
0.48795977,0.31046474,0.34734046,0.4344768,0.17411391,0.43469167,0.3594061,0.416527,0.47129205,0.4953693,1.0,0.410192,0.32702467,0.57563937,0.40923458,0.46461865,0.42480582,0.575439,0.44509134,0.501542,0.41451007,0.46799594,0.30890006,0.28606504,0.5070823,0.44389558,0.38560608,0.5778998,0.43244678,0.37110233,0.43130088,0.4081177,0.45958993,0.48266894,0.45191497,0.39959064,0.45981872,0.39313644,0.37823933,0.373141,0.41781297,0.4583195,0.49879208,0.46241063,0.52834064,0.50403357,0.4156229,0.5236754,0.44660217,0.4717635,0.4315977,0.3308885,0.40400648,0.4868758,0.40588832,0.35281032,0.3843386,0.32652342,0.55757564,0.59634495,0.17486235,0.5623703,0.49993438,0.5035559,0.54382455,0.5306213,0.40930253,0.48470408,0.46417168,0.545346,0.5179429,0.44661355,0.29313022,0.2856552,0.37280998,0.39436483,0.3954056,0.5131171,0.43307963,0.26841876,0.37576443,0.39625186,0.4696182,0.33877423,0.37933153,0.3127503,0.41406605,0.49308217,0.4663717,0.45429766,0.3288652,0.36547232,0.44229504,0.3629736,0.37561738,0.45594168,0.2599916,0.3251109,0.4021141,0.38337308,0.3902533,0.30090094,0.3120023,0.4784186,0.25256526,0.4400341,0.38867858,0.3252246,0.36185962,0.28947562,0.3109439,0.30172786,0.35792574,0.30752683,0.34225017,0.20503223,0.28765443,0.44156718,0.46452168,0.3781338,0.43588072,0.49022824,0.526202,0.4401895,0.38524336,0.2937821,0.28689694,0.34781736,0.43590084,0.45981568,0.4484164,0.42691138,0.2986251,0.4635521,0.37421077,0.5258101,0.38619083,0.46576303,0.47038597,0.48228282,0.3327281,0.4580317,0.4614026,0.5181943,0.4277328,0.36323452,0.26633865,0.39815804,0.4067179,0.4665228,0.497539,0.51717424,0.61981,0.39539516,0.50550675
0.30461103,0.27100104,0.46027762,0.40705466,0.25373015,0.36160615,0.3841421,0.29278418,0.36103338,0.44815642,0.410192,1.0000004,0.23066312,0.35065624,0.35189703,0.39407796,0.44208282,0.38601312,0.38866603,0.45782706,0.33133456,0.27834323,0.21593279,0.40213057,0.4227352,0.38710734,0.34548014,0.426192,0.39838624,0.3223278,0.4759911,0.43261242,0.3661295,0.42056584,0.45714357,0.40650618,0.43237156,0.48642936,0.37365276,0.38025331,0.3820085,0.54058015,0.37335822,0.25299552,0.43182218,0.3170635,0.36712813,0.42159903,0.39392275,0.4558099,0.46631086,0.4298998,0.38890243,0.50089514,0.39748776,0.47728953,0.5310645,0.3026135,0.35366273,0.53512764,0.29368317,0.43280303,0.78343964,0.39222944,0.35822573,0.4465257,0.3448075,0.26357496,0.3475436,0.6504885,0.46041954,0.4745103,0.4197472,0.20147601,0.3313129,0.3950665,0.4022786,0.38111454,0.3458845,0.29624605,0.28905213,0.39478558,0.3410465,0.15077494,0.23563099,0.16599324,0.21324381,0.23581114,0.4024756,0.27046692,0.17139047,0.27308798,0.26414806,0.31168866,0.3206129,0.40706837,0.20452045,0.25227806,0.25320262,0.20646957,0.37027496,0.43505216,0.2674958,0.29504535,0.4287597,0.3335371,0.40295434,0.37745976,0.39357263,0.21962559,0.3230772,0.3335781,0.44764945,0.3295256,0.39973533,0.32939917,0.32988185,0.42008555,0.43896228,0.37880558,0.23493129,0.3333556,0.3400553,0.2956917,0.3561949,0.1826879,0.10938698,0.317401,0.2624855,0.29907367,0.34498566,0.38958547,0.22906008,0.22767654,0.24486111,0.36934456,0.35733604,0.3311684,0.3430107,0.3818025,0.46256125,0.39047882,0.58933866,0.501848,0.3326304,0.3723398,0.39719975,0.60409117,0.36429873,0.5290698,0.4515268,0.69636965,0.39358145,0.31621948,0.35026157
0.24884903,0.091876596,0.16980514,0.30586052,0.24893984,0.29930478,0.23594034,0.19006625,0.37364644,0.260941,0.32702467,0.23066312,1.0000002,0.34480655,0.26751778,0.3265371,0.20558497,0.29880708,0.279343,0.31052834,0.2827096,0.27171284,0.26685086,0.2065933,0.26582265,0.32407033,0.21358757,0.36798325,0.3289906,0.32302222,0.29977196,0.26939046,0.30732265,0.32073706,0.2851116,0.22648796,0.3702526,0.30952668,0.21002269,0.27974027,0.29163644,0.2948821,0.305967,0.37473735,0.28243667,0.2485955,0.28241032,0.27870747,0.32354364,0.3184171,0.22608809,0.2596756,0.29429802,0.30135104,0.2666969,0.23392633,0.1711407,0.1323587,0.31500375,0.31837845,0.16917592,0.264755,0.23610464,0.33252683,0.26744992,0.29998526,0.19578454,0.35310245,0.5183907,0.34547892,0.2859343,0.3456046,0.44929808,0.24075933,0.24327669,0.3933268,0.18444745,0.42130598,0.36000794,0.12632479,0.26784143,0.29678756,0.3348518,0.28029102,0.31652272,0.27206954,0.23772392,0.32608306,0.43335843,0.33977622,0.33270574,0.2910902,0.31134063,0.24196592,0.3180311,0.37109137,0.24462767,0.27869195,0.2272024,0.28532425,0.32397497,0.5011267,0.8079188,0.39961958,0.7147841,0.3372038,0.33458984,0.17822076,0.2803341,0.35132706,0.22232099,0.27511358,0.18638033,0.24011263,0.28548306,0.16902943,0.13556474,0.38876402,0.29075664,0.363715,0.29630035,0.23990351,0.33061168,0.32007873,0.15977149,0.22977409,0.25365385,0.31347853,0.29523435,0.23937654,0.4029422,0.27480072,0.37957186,0.30063424,0.318302,0.35915348,0.2482714,0.33949247,0.38641703,0.28940904,0.21534342,0.28651616,0.24702063,0.3314107,0.3038199,0.20402345,0.31694913,0.27628508,0.29844823,0.30680203,0.34724504,0.28674442,0.36491898,0.27230722,0.28651568
0.48560178,0.30935776,0.56328607,0.4431031,0.23934607,0.39918453,0.41791576,0.4045034,0.5541793,0.50665593,0.57563937,0.35065624,0.34480655,1.0,0.39765456,0.4209636,0.5708195,0.46909904,0.43685305,0.42822418,0.40479052,0.39370382,0.38703263,0.30631953,0.49409652,0.43121004,0.4106983,0.5037543,0.43531603,0.523898,0.35087162,0.5380511,0.43616855,0.5216591,0.4610207,0.40164995,0.42551836,0.5268816,0.4551671,0.52743125,0.5817161,0.38244826,0.41609842,0.5338006,0.5045133,0.5315391,0.36079887,0.52406615,0.45081556,0.50015986,0.5522926,0.43782246,0.5037161,0.51641166,0.5079582,0.3994534,0.38264892,0.29469204,0.5864999,0.5076085,0.28488696,0.58894926,0.41934332,0.39094523,0.4991995,0.4921794,0.4057371,0.3990339,0.41933668,0.46652073,0.46540475,0.46084633,0.33650196,0.25529408,0.30933395,0.40770066,0.4741675,0.42405432,0.40204847,0.38129228,0.4042667,0.36693758,0.45520213,0.2937041,0.41332704,0.32168233,0.43817663,0.50953764,0.39923546,0.41482145,0.34963715,0.3229684,0.4890105,0.4614272,0.2908752,0.41120747,0.38429758,0.30092818,0.31554425,0.28166568,0.46334103,0.31441972,0.2920243,0.4505217,0.20362955,0.45365334,0.3698768,0.33594298,0.518835,0.3566146,0.38548604,0.30981874,0.4720079,0.36313844,0.3520099,0.23421443,0.36633497,0.43994188,0.41074705,0.47054356,0.4185462,0.51686853,0.5299951,0.39320418,0.4000491,0.23366201,0.26958472,0.34240723,0.49881315,0.4613765,0.44132474,0.452526,0.2989076,0.36904007,0.340128,0.34734297,0.35739273,0.44697088,0.38470525,0.3971475,0.45397013,0.33189324,0.48593634,0.4987961,0.44107053,0.39693123,0.38777274,0.30351293,0.4327308,0.50713515,0.42491752,0.4229119,0.5029752,0.35815832,0.52324927
0.43300617,0.3204694,0.40284243,0.426489,0.36322266,0.5584174,0.43134272,0.38890594,0.56622964,0.46769267,0.40923458,0.35189703,0.26751778,0.39765456,0.99999976,0.71377873,0.62710536,0.7218636,0.7884153,0.8487838,0.35950947,0.7272178,0.40564793,0.50115794,0.35694668,0.41045588,0.71828395,0.5031182,0.35109776,0.4330403,0.23527628,0.27437383,0.24738811,0.5502187,0.375458,0.603526,0.4190541,0.55920804,0.42177302,0.3606425,0.47281843,0.39638227,0.41277966,0.3565255,0.31841832,0.22715792,0.26594773,0.39583746,0.29595414,0.580145,0.28667715,0.49017775,0.48138863,0.38450506,0.4570828,0.3167184,0.46697256,0.19034375,0.338787,0.3854791,0.38615233,0.41012013,0.3855961,0.61481774,0.5709816,0.6298287,0.48234698,0.5532454,0.2927052,0.40322033,0.3682341,0.39378533,0.3593829,0.16812573,0.22739235,0.1999968,0.3588376,0.56637627,0.2722229,0.41985938,0.2566977,0.4092854,0.46200985,0.23668936,0.21922435,0.19275624,0.30706403,0.19942597,0.29826656,0.666892,0.25731185,0.24523509,0.37163574,0.29390496,0.18805014,0.3292734,0.26648724,0.1532013,0.2089985,0.14148073,0.34769702,0.321415,0.25045875,0.517784,0.259714,0.4368766,0.37320036,0.4667518,0.42591214,0.3045804,0.42736596,0.40472177,0.368811,0.5610275,0.5141921,0.27133778,0.2918716,0.5617166,0.54232717,0.2467501,0.47232538,0.46734214,0.49570686,0.5674156,0.5000399,0.20694661,0.26156694,0.3587353,0.35623994,0.25164846,0.65725476,0.59123456,0.47576356,0.38661486,0.6856888,0.5226264,0.6421263,0.46691465,0.53783715,0.38496363,0.4988354,0.4103372,0.5681534,0.44461977,0.40883136,0.46652907,0.30491742,0.32490826,0.45621097,0.3714782,0.36704344,0.47355202,0.6461669,0.3160532,0.38370615
0.4575274,0.39049697,0.4534182,0.44688177,0.29371646,0.5138571,0.52750677,0.4671954,0.4916758,0.5187377,0.46461865,0.39407796,0.3265371,0.4209636,0.71377873,1.0,0.49345654,0.6795811,0.7844882,0.7659358,0.46071926,0.5689801,0.41298446,0.4343332,0.44228595,0.52057683,0.674098,0.5401404,0.54074615,0.49915218,0.3951483,0.32859865,0.42708352,0.59250844,0.4772147,0.58164525,0.45155817,0.54567564,0.4636531,0.43354857,0.5714442,0.40724626,0.4391037,0.42201582,0.41506246,0.325328,0.3017167,0.57934445,0.41695797,0.561424,0.36489546,0.44186088,0.47862443,0.47043976,0.5782604,0.39211452,0.45559534,0.36927414,0.4101935,0.46866968,0.4074805,0.49298334,0.41298607,0.70471454,0.61738133,0.644831,0.5891299,0.66483915,0.40865406,0.45692334,0.34089702,0.46844172,0.40387774,0.26792806,0.3133095,0.29224223,0.39216554,0.5970179,0.38091964,0.37399352,0.3238731,0.52590346,0.39118373,0.2814824,0.36054587,0.20592251,0.37677175,0.2594946,0.40839165,0.54774636,0.3316719,0.30529487,0.44827422,0.3483268,0.24148782,0.4775802,0.41652584,0.19660193,0.25360793,0.23250353,0.37916076,0.3299715,0.30198425,0.5191758,0.35645568,0.54280096,0.5342422,0.51659274,0.56830955,0.39945722,0.41932967,0.46873716,0.4538205,0.49652112,0.5037496,0.2859636,0.32405826,0.58191234,0.5512561,0.31877643,0.4711764,0.53943205,0.64667094,0.54274994,0.47234666,0.2977795,0.23921046,0.40563342,0.387124,0.32695183,0.6599307,0.5982475,0.45764166,0.36486906,0.58383393,0.55285823,0.61031336,0.5207051,0.5559099,0.43324262,0.48082703,0.46526897,0.55696857,0.5496733,0.45932296,0.47990048,0.46028474,0.34794354,0.49085218,0.4240011,0.45540017,0.48822767,0.67571163,0.40610337,0.41211554
0.50190854,0.42972445,0.44556212,0.4731175,0.4864756,0.4854672,0.4759183,0.5245024,0.6144197,0.6408464,0.42480582,0.44208282,0.20558497,0.5708195,0.62710536,0.49345654,1.0000002,0.51474285,0.5976425,0.60545695,0.5401001,0.66499937,0.49661207,0.50104576,0.529174,0.4275061,0.5310984,0.62799585,0.47457346,0.50900614,0.33243448,0.5537329,0.37698233,0.49030775,0.3764133,0.574247,0.36924556,0.5064589,0.44711602,0.53916514,0.52503026,0.32801348,0.4441877,0.48759302,0.5254277,0.4633807,0.33293283,0.48162425,0.4183752,0.6169124,0.41772914,0.6238732,0.5188126,0.47240525,0.49408543,0.39299166,0.46473634,0.34666649,0.49289393,0.43392754,0.5950254,0.5316669,0.4372245,0.45167336,0.61789024,0.5574586,0.4221856,0.3686155,0.3780058,0.44671848,0.3917177,0.44299448,0.45067275,0.24608563,0.3180431,0.33235514,0.6150962,0.43659776,0.37445658,0.5103935,0.42492646,0.31565803,0.5295311,0.22516997,0.3063535,0.2713899,0.41765368,0.3136872,0.27379888,0.60834026,0.38761395,0.32638052,0.417777,0.38411677,0.29335618,0.41205156,0.3817792,0.1981849,0.32376415,0.20807502,0.49530178,0.38464904,0.25617903,0.3903079,0.22105828,0.41199493,0.36885172,0.35869652,0.54981506,0.34579486,0.4567176,0.27870947,0.4986531,0.51123047,0.37431043,0.5070214,0.491198,0.46559584,0.4648742,0.48281795,0.36117834,0.37507555,0.40284473,0.5117005,0.4309889,0.24299352,0.22723913,0.27950814,0.43837687,0.39876094,0.4666186,0.4135086,0.32134336,0.36907908,0.39443296,0.3748314,0.40558544,0.3932794,0.43228528,0.42402345,0.61400807,0.36951572,0.6179236,0.37801304,0.39465588,0.48830485,0.35981533,0.3690707,0.42064443,0.47396034,0.44645882,0.5179084,0.56253165,0.33797473,0.49487093
0.4872555,0.400457,0.49233854,0.48503253,0.3020692,0.51988405,0.46999827,0.4646543,0.5243094,0.48911378,0.575439,0.38601312,0.29880708,0.46909904,0.7218636,0.6795811,0.51474285,1.0000001,0.7287244,0.68856335,0.42744118,0.6056144,0.36644274,0.45229477,0.43807,0.41453236,0.70772165,0.54039234,0.41552484,0.5008977,0.3549307,0.4267485,0.393408,0.56163526,0.45436943,0.57295203,0.4503647,0.5598726,0.54237753,0.38393825,0.58570755,0.4415539,0.45660055,0.4174715,0.4331863,0.35437375,0.3245178,0.4918047,0.4643697,0.6474585,0.4314633,0.46546704,0.4550434,0.45138288,0.50210303,0.3174836,0.48162338,0.22948742,0.45317414,0.5316919,0.36333933,0.48499113,0.45292726,0.66189706,0.6426648,0.6390772,0.48376834,0.5485465,0.4184199,0.5107483,0.40110165,0.5076698,0.3803787,0.2579961,0.2936939,0.3420238,0.43223935,0.6376595,0.3564008,0.41078866,0.33461732,0.47129226,0.51358306,0.34082305,0.30462652,0.22700809,0.34885907,0.32815966,0.38262978,0.6051468,0.32455164,0.36034885,0.4286719,0.39577943,0.2007336,0.37690216,0.29441646,0.17880717,0.2557559,0.19694543,0.45332408,0.32816717,0.32299322,0.52691823,0.2872064,0.48814386,0.51548797,0.52456,0.49399468,0.37439042,0.4295299,0.40196204,0.4054252,0.4700144,0.45619446,0.30711243,0.35743254,0.5579538,0.56008244,0.2700572,0.57179767,0.6097832,0.6420879,0.6115209,0.57670045,0.22335339,0.28551152,0.35221863,0.38585734,0.38316458,0.69745815,0.6368123,0.48080283,0.45668226,0.62588274,0.5798317,0.57484925,0.50849754,0.51023984,0.3674623,0.55040336,0.50176877,0.56738865,0.539291,0.4567185,0.4930638,0.33072117,0.3906713,0.5594914,0.48144066,0.49233586,0.502805,0.6858052,0.33619374,0.4439232
0.49305457,0.4059366,0.46895307,0.4701154,0.3100827,0.5829454,0.51956105,0.52030754,0.5690754,0.5372579,0.44509134,0.38866603,0.279343,0.43685305,0.7884153,0.7844882,0.5976425,0.7287244,0.99999994,0.82307386,0.52249366,0.6381091,0.4481303,0.48835158,0.45671743,0.48740235,0.7715062,0.51626784,0.46125615,0.49070227,0.34132627,0.39726472,0.34942004,0.6646887,0.4942116,0.68085974,0.4159894,0.6424395,0.46325558,0.44192967,0.604444,0.4109698,0.48305565,0.5020302,0.45750314,0.30699804,0.2630779,0.47458678,0.3671369,0.6604258,0.36245933,0.46359795,0.5023697,0.49182612,0.5901562,0.39561486,0.47892618,0.27233332,0.4633491,0.45792007,0.43652073,0.44414523,0.45600832,0.6030841,0.62365,0.6240498,0.50744766,0.59182084,0.3670459,0.4420578,0.30071872,0.4450844,0.35063225,0.19496989,0.22210939,0.24354108,0.4428863,0.592662,0.32458973,0.40042406,0.3542441,0.48676968,0.51491374,0.30103993,0.27962214,0.19561663,0.33109224,0.22503975,0.36897475,0.5850793,0.3342815,0.31626898,0.40768853,0.3498483,0.27095705,0.3636337,0.3526594,0.17710134,0.20093341,0.19199893,0.37767905,0.29198375,0.27205262,0.5059491,0.24268758,0.51230204,0.49076575,0.51822776,0.55540866,0.42363995,0.43550915,0.39361447,0.45680374,0.530831,0.5019009,0.28996408,0.34708634,0.56766105,0.5283316,0.28223985,0.44760025,0.4772914,0.52633667,0.5709336,0.47347814,0.2348218,0.2606616,0.3669185,0.4108364,0.30293626,0.69090366,0.57774913,0.48223984,0.3791601,0.6341952,0.521007,0.59695995,0.5033472,0.48137224,0.38661832,0.5292639,0.40849063,0.5706914,0.4824605,0.41516668,0.4837957,0.34752333,0.31966835,0.5024318,0.45921907,0.43452358,0.48970172,0.67876244,0.39950335,0.4148016
0.44757858,0.35558957,0.45861864,0.44231385,0.355681,0.61173594,0.45891926,0.47514004,0.56396306,0.53167355,0.501542,0.45782706,0.31052834,0.42822418,0.8487838,0.7659358,0.60545695,0.68856335,0.82307386,1.0000002,0.44758028,0.67096114,0.40400213,0.47196996,0.41828424,0.53386116,0.7138165,0.57849,0.44993117,0.387429,0.3284972,0.3373287,0.31427196,0.576201,0.45527014,0.5664129,0.47295082,0.57286954,0.39386547,0.39046967,0.4652115,0.47302943,0.5378464,0.41024673,0.3614452,0.3164283,0.40389425,0.44119114,0.323905,0.5901289,0.32591617,0.46617788,0.47976843,0.4995214,0.46676934,0.4368707,0.49509606,0.24158135,0.38672066,0.4667924,0.39837772,0.4364301,0.49606946,0.64361566,0.63764846,0.66000175,0.52166384,0.6084808,0.3719151,0.536706,0.41829616,0.4624046,0.34422308,0.19199462,0.24081157,0.2627469,0.4006735,0.53750324,0.35332227,0.35442352,0.2807229,0.49963617,0.46635276,0.32790554,0.28899488,0.23941764,0.3988367,0.27210832,0.4185361,0.6107276,0.32426584,0.32198095,0.35807812,0.31578338,0.30921963,0.41220778,0.32037058,0.26288036,0.23126632,0.24842945,0.4113209,0.366249,0.27582997,0.5080571,0.33805597,0.49963087,0.44561458,0.47055548,0.48704028,0.38957778,0.41532,0.4145052,0.46590152,0.5319287,0.54536873,0.33760244,0.26890993,0.612298,0.6108732,0.3342083,0.44630522,0.48629037,0.5462771,0.5284958,0.537918,0.292499,0.28204834,0.46956968,0.43153864,0.34488985,0.62653404,0.57959545,0.39311826,0.39846623,0.6001597,0.52975994,0.5912318,0.4984088,0.53167003,0.47763994,0.45958394,0.4363302,0.5938973,0.49462718,0.41781163,0.49097818,0.3250314,0.4172092,0.4606209,0.41096103,0.41501212,0.55407524,0.6496619,0.44508415,0.3957495
0.46677464,0.51168936,0.39213043,0.5035695,0.2979845,0.48685163,0.47108397,0.49806565,0.46767673,0.43196183,0.41451007,0.33133456,0.2827096,0.40479052,0.35950947,0.46071926,0.5401001,0.42744118,0.52249366,0.44758028,1.0,0.4389655,0.53396606,0.41132143,0.5472442,0.4998883,0.4580934,0.50764894,0.5511993,0.50349027,0.36342305,0.4424071,0.34387073,0.5671776,0.4936369,0.499227,0.4419425,0.41942704,0.4663908,0.5538799,0.498788,0.4180395,0.436373,0.5598633,0.5843229,0.31920767,0.26739603,0.40570655,0.38871163,0.5808665,0.4064412,0.45685673,0.41482437,0.45619893,0.5111862,0.33055282,0.48499712,0.23226273,0.51251566,0.41508025,0.44016856,0.51931024,0.45548725,0.32444993,0.42893136,0.44378364,0.3841948,0.44253337,0.33413696,0.45460325,0.23828256,0.396242,0.34950063,0.20632109,0.2575259,0.2760079,0.47660232,0.28984314,0.36755452,0.43901736,0.5101988,0.45906764,0.43072438,0.28329337,0.32511815,0.2963308,0.35439363,0.35820216,0.33218125,0.39852834,0.46234432,0.3579771,0.4701429,0.44581342,0.26862657,0.38534242,0.4525301,0.12618439,0.4083774,0.18643783,0.31652844,0.27400666,0.28201663,0.39998683,0.28750777,0.43609968,0.45153964,0.3163105,0.49898964,0.32060555,0.42452234,0.2733877,0.42838785,0.35508007,0.25516158,0.29828766,0.55157506,0.38040817,0.31818998,0.36447704,0.16839266,0.29544178,0.35707432,0.5110681,0.23246624,0.26573795,0.3019998,0.34514195,0.43484622,0.4245228,0.46004045,0.27671266,0.30115667,0.10000179,0.31899858,0.3306904,0.3133965,0.37629408,0.3006211,0.34926283,0.42022243,0.35670698,0.42157727,0.3326441,0.47307235,0.3369053,0.35033417,0.3005327,0.4845733,0.4031538,0.516198,0.5716369,0.4932071,0.3402104,0.46063358
0.3825154,0.32635587,0.35029668,0.43278623,0.38713372,0.51281947,0.44882423,0.383542,0.5610546,0.46426713,0.46799594,0.27834323,0.27171284,0.39370382,0.7272178,0.5689801,0.66499937,0.6056144,0.6381091,0.67096114,0.4389655,0.9999999,0.58870673,0.52984524,0.3956003,0.48741663,0.5638361,0.5285772,0.39763808,0.44434482,0.29034197,0.32203966,0.27648145,0.5097165,0.4330159,0.61360145,0.44938612,0.46450993,0.43560487,0.5070258,0.44924748,0.36009887,0.3654903,0.4575603,0.52287525,0.23963787,0.26948893,0.35878104,0.35875666,0.6126503,0.4108173,0.5070503,0.417117,0.357706,0.49747887,0.2764684,0.45054007,0.16039342,0.34038565,0.38118517,0.3946836,0.376005,0.36402857,0.5765339,0.57793105,0.5601553,0.45978025,0.6172011,0.379793,0.40692914,0.33285892,0.3803531,0.41045585,0.120055094,0.21531871,0.26943147,0.39651233,0.454746,0.2926007,0.5213726,0.41402286,0.3870182,0.5520059,0.2406094,0.21731445,0.24014974,0.29787302,0.25015366,0.31966493,0.68487406,0.4252377,0.2427826,0.40583068,0.2841187,0.18701625,0.32990056,0.37740883,0.1157905,0.3328006,0.19766814,0.33507353,0.34839696,0.2994337,0.6459953,0.22028777,0.4918766,0.37459844,0.42915034,0.45495883,0.2883566,0.39316195,0.47965163,0.3513394,0.53348285,0.4597897,0.2885651,0.38282812,0.54877186,0.5207803,0.33692974,0.46827307,0.44808966,0.4550022,0.5767726,0.4368438,0.24976388,0.2739404,0.30144334,0.40076953,0.2812372,0.64800745,0.49875176,0.5325774,0.38080424,0.63717,0.48686546,0.5778321,0.45232376,0.50365543,0.36829156,0.48307624,0.45700315,0.54257923,0.3840671,0.44075853,0.5058861,0.35334307,0.30565676,0.4350751,0.36364353,0.40376437,0.41035375,0.6679307,0.29462618,0.403988
0.32880747,0.3350181,0.29469547,0.5078836,0.41610885,0.484829,0.4672407,0.42655474,0.4644453,0.40065867,0.30890006,0.21593279,0.26685086,0.38703263,0.40564793,0.41298446,0.49661207,0.36644274,0.4481303,0.40400213,0.53396606,0.58870673,1.0000002,0.4803994,0.404882,0.41283065,0.41860133,0.464072,0.44479376,0.52804935,0.38981858,0.29985115,0.33419883,0.50693226,0.4509796,0.50666904,0.48554918,0.36622083,0.45258826,0.40384084,0.46804908,0.34852928,0.3026985,0.46223462,0.46166605,0.1891038,0.29660237,0.3372752,0.4402827,0.59890175,0.42130288,0.52248573,0.42800635,0.3230511,0.5390314,0.3009652,0.39379793,0.15631746,0.3087958,0.3285271,0.4433117,0.3798668,0.2913031,0.29619795,0.35694075,0.41951385,0.49122328,0.5073222,0.3211835,0.3163072,0.25258824,0.3290857,0.3953449,0.19741881,0.32233912,0.33180517,0.3517165,0.26836175,0.33633757,0.6139281,0.43255112,0.40360582,0.38728064,0.21075782,0.25727147,0.2859169,0.31966287,0.2614351,0.32773483,0.4671072,0.48880705,0.26630297,0.47467154,0.3959754,0.2314196,0.36507788,0.49067882,0.12251985,0.29221627,0.19112799,0.33343834,0.29229844,0.31046617,0.449834,0.22219132,0.41829288,0.40738302,0.28783068,0.48564932,0.3126639,0.41344142,0.25341445,0.34732857,0.43996507,0.29903018,0.31254375,0.4515232,0.42115042,0.29381853,0.3947681,0.2234037,0.3460741,0.2933432,0.3498691,0.18408358,0.2620672,0.24018097,0.32340312,0.43431723,0.26759648,0.4275357,0.27690774,0.28449294,0.2078859,0.3893615,0.30776846,0.33082265,0.37866217,0.31209433,0.36208388,0.45558125,0.3837874,0.3970051,0.36091536,0.5298023,0.38074747,0.33968413,0.20652625,0.4048294,0.35523272,0.4248799,0.33115023,0.50591063,0.3247089,0.44450635
0.33687848,0.37855047,0.30555582,0.41579774,0.3438949,0.47561872,0.4511021,0.3914621,0.4972991,0.4147179,0.28606504,0.40213057,0.2065933,0.30631953,0.50115794,0.4343332,0.50104576,0.45229477,0.48835158,0.47196996,0.41132143,0.52984524,0.4803994,1.0000002,0.38759857,0.33374482,0.49977505,0.37833825,0.37590036,0.42371917,0.34601498,0.34825355,0.26729023,0.51542574,0.40972358,0.62781024,0.43058336,0.39503753,0.46313238,0.39368832,0.4834751,0.41527244,0.27152985,0.36992705,0.39772022,0.2150575,0.33728647,0.36795455,0.40324816,0.6341085,0.39439973,0.51871145,0.44684082,0.34780827,0.41313326,0.31474555,0.39921087,0.20483112,0.3742604,0.32103387,0.4787291,0.33768535,0.37863293,0.35951632,0.3190018,0.40121418,0.47241914,0.37128228,0.31560856,0.35691053,0.24095945,0.50000435,0.43448597,0.15216011,0.2781136,0.29739574,0.33449215,0.3289488,0.4061349,0.599036,0.3551049,0.34962994,0.41766,0.16206428,0.14361545,0.12389964,0.22698548,0.12692939,0.282244,0.48049837,0.2555114,0.31091815,0.39123598,0.25951046,0.26503187,0.39394975,0.3617255,0.15163743,0.2190415,0.17395088,0.3831006,0.3735857,0.25982377,0.33913064,0.23002262,0.37695843,0.37886262,0.32906997,0.41492093,0.24669242,0.39462137,0.31299618,0.33799052,0.5661832,0.25772828,0.3222251,0.44604713,0.3393969,0.28905362,0.2770276,0.21208091,0.40701467,0.26847142,0.34923667,0.28471905,0.10346858,0.15767694,0.29192773,0.29472634,0.1660586,0.41962987,0.3372097,0.27939248,0.15389702,0.3661381,0.34911025,0.3380445,0.34134775,0.28171954,0.3023302,0.5512322,0.29263908,0.508113,0.37858984,0.3407774,0.4122498,0.25986877,0.29179442,0.46424335,0.30394757,0.42192703,0.37709662,0.38779795,0.2616638,0.33301157
