0,1,2,3,4,5,6,7,8,9,10,11,12,13,14,15,16,17,18,19,20,21,22,23,24,25,26,27,28,29,30,31,32,33,34,35,36,37,38,39,40,41,42,43,44,45,46,47,48,49,50,51,52,53,54,55,56,57,58,59,60,61,62,63,64,65,66,67,68,69,70,71,72,73,74,75,76,77,78,79,80,81,82,83,84,85,86,87,88,89,90,91,92,93,94,95,96,97,98,99,100,101,102,103,104,105,106,107,108,109,110,111,112,113,114,115,116,117,118,119,120,121,122,123,124,125,126,127,128,129,130,131,132,133,134,135,136,137,138,139
0.9999998,0.5716597,0.5634437,0.6723701,0.51373553,0.50821215,0.47775367,0.6225545,0.4317308,0.40841654,0.43281323,0.39967346,0.39892453,0.49740797,0.37024492,0.46402287,0.35734296,0.37266672,0.41066128,0.38590986,0.49840268,0.5233406,0.3083986,0.5996944,0.34263837,0.27533358,0.4557634,0.4760275,0.5492337,0.3230428,0.49691403,0.40807658,0.32373637,0.24904901,0.41014776,0.2764265,0.527869,0.335782,0.3864252,0.59367204,0.29631227,0.41731703,0.22204906,0.28935933,0.44638103,0.45241976,0.37722754,0.3686692,0.4620996,0.4158015,0.46720326,0.4462514,0.25065514,0.28727418,0.38254362,0.33158118,0.24851519,0.28264946,0.2957481,0.22916077,0.22433451,0.50862443,0.41680157,0.3221848,0.45340636,0.53379,0.41856107,0.53379,0.53058696,0.5667002,0.46283922,0.46283922,0.45505476,0.57303,0.53901196,0.32408458,0.36916554,0.44489244,0.37390095,0.3192883,0.45982668,0.2503838,0.36619264,0.3726887,0.28679955,0.24522617,0.46142894,0.26405084,0.369975,0.369975,0.46179667,0.40491802,0.39546794,0.4280222,0.4280222,0.33908123,0.6124885,0.47159958,0.43975455,0.4422477,0.31863955,0.22210486,0.37893027,0.3657732,0.3593808,0.33091742,0.4804368,0.47581923,0.47581923,0.4038205,0.3800717,0.42162907,0.44511223,0.47030815,0.5916678,0.42254406,0.5440675,0.4907971,0.36782265,0.35622087,0.34498435,0.41965026,0.34587932,0.36965865,0.5385965,0.60825694,0.46796113,0.4678494,0.30337846,0.35238308,0.45499754,0.4460569,0.4223917,0.45785183,0.40341115,0.47526893,0.43059754,0.5443433,0.27682608,0.41180348
0.5716597,0.99999994,0.66482127,0.7161256,0.653707,0.3633065,0.44571635,0.39550412,0.37320292,0.5017206,0.4850023,0.48976195,0.3932978,0.4746282,0.4861979,0.59581053,0.5534849,0.57184875,0.31428203,0.33623433,0.51440346,0.49965966,0.36753616,0.43417928,0.3891163,0.3896469,0.4582848,0.52024305,0.483646,0.3463218,0.6712885,0.4805079,0.408143,0.31702876,0.40533435,0.36592567,0.591482,0.47352028,0.5228175,0.5988854,0.37110615,0.35516524,0.28586218,0.36732236,0.47394615,0.56807315,0.34692454,0.606515,0.5015567,0.5168065,0.43108505,0.3985182,0.24288578,0.30835354,0.42497918,0.3316216,0.29402968,0.39889917,0.28755185,0.22764674,0.26159656,0.49039388,0.24569377,0.37216917,0.5288979,0.49616015,0.4374352,0.49616015,0.4795072,0.34162694,0.3879918,0.3879918,0.60299385,0.5334165,0.53271294,0.38557535,0.34714073,0.5572658,0.41912687,0.42290184,0.3327833,0.082142845,0.19566639,0.3404684,0.29276863,0.24208581,0.57697284,0.30790544,0.31906435,0.31906435,0.517486,0.2900074,0.3439743,0.3673153,0.3673153,0.30019483,0.56094503,0.3426526,0.29380062,0.36389917,0.54201305,0.3567261,0.50660104,0.32410884,0.3803258,0.17211607,0.47510225,0.4371223,0.4371223,0.4428622,0.3747586,0.40722185,0.43867624,0.43038946,0.5374533,0.4469901,0.47126627,0.31068507,0.28052288,0.23935759,0.2904815,0.43669292,0.26831928,0.2021366,0.57157016,0.63345444,0.34277296,0.45444605,0.3242724,0.20272945,0.24313924,0.442474,0.371889,0.40259892,0.35720322,0.4032621,0.38983262,0.3533788,0.27558553,0.57741094
0.5634437,0.66482127,1.0,0.7495414,0.70156,0.47469583,0.56567115,0.49047387,0.3851465,0.5563319,0.63230276,0.5953696,0.45889908,0.5178232,0.47863144,0.5733142,0.53171396,0.5384274,0.2906891,0.34137273,0.5290452,0.61036044,0.43031812,0.50711536,0.45869845,0.44136223,0.51185656,0.5067105,0.5974859,0.47561467,0.6008558,0.5886382,0.43890256,0.39534497,0.49429893,0.34916896,0.68277854,0.49504018,0.48871195,0.66306007,0.4162855,0.4097517,0.38887012,0.41435224,0.48926184,0.51148677,0.366894,0.5661191,0.54425704,0.5772231,0.619069,0.5761537,0.2540692,0.34594512,0.49339804,0.2800242,0.32231605,0.48482537,0.23217642,0.2412088,0.32182246,0.63158375,0.24949268,0.39178208,0.53211755,0.5243261,0.56634593,0.5243261,0.5334886,0.5167795,0.53291535,0.53291535,0.72173893,0.61885095,0.6365326,0.53764236,0.5091277,0.64702356,0.6147547,0.5512137,0.5317452,0.19547142,0.4135382,0.48220074,0.35911912,0.3264349,0.79080904,0.51533556,0.43873543,0.43873543,0.57034516,0.36868143,0.51072204,0.54288256,0.54288256,0.38560063,0.7227087,0.4701218,0.4346897,0.45513248,0.4791211,0.36249048,0.46759325,0.3093326,0.46831542,0.17161408,0.47249585,0.4496349,0.4496349,0.46016902,0.534784,0.52581537,0.52500165,0.5326035,0.58436763,0.57551557,0.5729207,0.4370069,0.3924684,0.3052823,0.42232645,0.49735522,0.33472538,0.34902182,0.64810365,0.55828464,0.41408065,0.47108606,0.5297525,0.34343988,0.3100973,0.5719185,0.57159334,0.58024955,0.5777674,0.5468435,0.5819427,0.412153,0.42844737,0.6280593
0.6723701,0.7161256,0.7495414,0.99999994,0.724359,0.5512329,0.5353429,0.53156763,0.4843138,0.6136414,0.5882522,0.5706184,0.5486784,0.5573139,0.482578,0.6127241,0.4858631,0.518765,0.3384809,0.42396,0.570044,0.6074614,0.3536023,0.54574907,0.46291268,0.46522212,0.5875272,0.5521569,0.63892245,0.48719475,0.6968427,0.60005295,0.3945676,0.37964416,0.4330088,0.3376159,0.7111726,0.4817797,0.5151961,0.75703365,0.3735655,0.4395014,0.31265843,0.35730964,0.61378026,0.55535156,0.3507565,0.5913675,0.50141513,0.5389621,0.54701066,0.51252335,0.25558233,0.34644082,0.5477298,0.24144624,0.22923948,0.4176342,0.2901588,0.27161264,0.2735495,0.5538448,0.33458614,0.47308677,0.68659574,0.5666661,0.48513454,0.5666661,0.5800954,0.543599,0.5379169,0.5379169,0.6108842,0.5746213,0.6561254,0.43529636,0.38622224,0.5928266,0.4838881,0.5311817,0.47928178,0.08144662,0.40887702,0.5224769,0.37471735,0.38628083,0.6396262,0.39979893,0.4318121,0.4318121,0.6426981,0.2856763,0.3420571,0.4147684,0.4147684,0.30833024,0.6611068,0.3550145,0.36516938,0.3751338,0.52236927,0.3428061,0.4706483,0.41531515,0.53186715,0.22093847,0.5308127,0.4915881,0.4915881,0.40043426,0.4875555,0.5232028,0.53769666,0.58216166,0.61609983,0.5795096,0.5670348,0.4183125,0.3064707,0.31067437,0.35291526,0.48931503,0.3236031,0.3917756,0.62053394,0.6461208,0.4776714,0.52674794,0.40659997,0.2971285,0.3677503,0.49508184,0.4567569,0.44841117,0.46566218,0.4309079,0.46410656,0.44482404,0.29600894,0.5909185
0.51373553,0.653707,0.70156,0.724359,0.9999999,0.40847626,0.53881216,0.4234311,0.51496464,0.73402363,0.56400585,0.5679872,0.46788102,0.6080695,0.6025101,0.6729095,0.6007699,0.6460546,0.40615988,0.39751306,0.5678103,0.5204636,0.49188006,0.45715088,0.5249833,0.54118353,0.6392304,0.60978246,0.55032444,0.50293493,0.69149554,0.5870935,0.54851717,0.4496305,0.58331466,0.451374,0.7185681,0.5525199,0.63284016,0.6500348,0.40103343,0.47559378,0.3363675,0.35062528,0.534351,0.6128069,0.5094839,0.6226007,0.6017192,0.64338493,0.49477375,0.4439261,0.21245247,0.32226005,0.56515974,0.25546825,0.27186516,0.30236512,0.32987377,0.34730923,0.33269486,0.5475417,0.3516667,0.40405792,0.52120936,0.6420681,0.44354844,0.6420681,0.46735376,0.40349162,0.48154393,0.48154393,0.6256499,0.5302276,0.58919495,0.44602153,0.40338552,0.52993643,0.40458757,0.5240576,0.34288323,0.050896313,0.25702345,0.41389692,0.31498298,0.27984798,0.6577208,0.38321382,0.36043862,0.36043862,0.64403796,0.40777868,0.34587944,0.41895676,0.41895676,0.34116858,0.5589056,0.35433236,0.28139263,0.38350505,0.62761843,0.4968838,0.5581486,0.38505438,0.61937183,0.20930673,0.7694386,0.64888346,0.64888346,0.510581,0.50111485,0.5375947,0.6111482,0.51559794,0.58741134,0.5035094,0.5952635,0.3825675,0.29976118,0.32766658,0.3958239,0.45332146,0.3579328,0.35323963,0.6142278,0.5879774,0.4647777,0.47107607,0.3727522,0.3275927,0.34346497,0.5309119,0.48096067,0.49364734,0.51286024,0.5052271,0.50091875,0.419278,0.43028837,0.69369876
0.50821215,0.3633065,0.47469583,0.5512329,0.40847626,0.9999998,0.6114444,0.64946425,0.36041722,0.36653417,0.4175862,0.36810946,0.34869117,0.42229104,0.2852752,0.36571825,0.19350407,0.25600564,0.4627306,0.45308024,0.5662,0.50922537,0.3947969,0.52576387,0.17362806,0.260488,0.41955802,0.30758414,0.46305248,0.38126358,0.3738656,0.31302223,0.28738832,0.16285962,0.22838716,0.19216603,0.47396234,0.1663038,0.33313107,0.5415545,0.29509625,0.3528515,0.22656325,0.28577644,0.47866952,0.33222988,0.26516855,0.3353489,0.28197068,0.35775855,0.57672286,0.577894,0.27772707,0.31585258,0.36228794,0.20436877,0.17842706,0.2680199,0.1807912,0.20818745,0.1893672,0.47802186,0.48948014,0.3548836,0.4792095,0.473633,0.30960894,0.473633,0.4797352,0.49638146,0.43982953,0.43982953,0.36361796,0.47191882,0.55348265,0.30214605,0.27330232,0.31736046,0.30670607,0.23578489,0.34863183,0.13400103,0.29294258,0.31166583,0.22993527,0.24187559,0.35791036,0.28489652,0.35680866,0.35680866,0.3816746,0.18764931,0.226727,0.24997881,0.24997881,0.29245472,0.40009552,0.28619596,0.22694972,0.17818516,0.36206993,0.32085633,0.31638968,0.2695922,0.33112538,0.2931277,0.27075934,0.388844,0.388844,0.3308273,0.45381457,0.47529325,0.4616515,0.5866671,0.58062017,0.4593707,0.44531912,0.50826997,0.2899607,0.32016906,0.40403318,0.46964335,0.37628388,0.26937157,0.3681718,0.4213807,0.54108363,0.4747635,0.35215926,0.51819015,0.44455475,0.36517686,0.40029758,0.37240916,0.4134665,0.34046924,0.385208,0.54947686,0.27734163,0.29269975
0.47775367,0.44571635,0.56567115,0.5353429,0.53881216,0.6114444,1.0000001,0.66916794,0.52974594,0.49298406,0.46670434,0.48275948,0.48019278,0.57586896,0.39249694,0.3532983,0.3589863,0.37564674,0.47703463,0.5402616,0.5334919,0.52475095,0.55787575,0.4521446,0.1918934,0.30567253,0.41645807,0.37263614,0.38303396,0.2756077,0.38034654,0.5375397,0.39033145,0.15468986,0.26233077,0.19810994,0.54180384,0.18245783,0.36842442,0.6097323,0.44858307,0.45481408,0.33667773,0.35564977,0.34354973,0.33442348,0.52509105,0.40735984,0.3330397,0.37981573,0.6709385,0.6781384,0.26958027,0.4145316,0.47944906,0.17364433,0.26050478,0.33507627,0.1976988,0.17637756,0.29309958,0.56169367,0.4472412,0.4975089,0.49492657,0.58313847,0.35951185,0.58313847,0.57250273,0.5669953,0.6628817,0.6628817,0.48037902,0.7154831,0.66937566,0.27454668,0.38807425,0.37463975,0.33995646,0.26278326,0.3989979,0.17823952,0.28907117,0.30256516,0.3446657,0.2815047,0.46564406,0.30049545,0.28180107,0.28180107,0.31568015,0.31175658,0.28395027,0.30359837,0.30359837,0.26272324,0.42018077,0.32968396,0.29701763,0.31616193,0.40313,0.35750914,0.37853095,0.29604748,0.55429065,0.3648613,0.4166748,0.4506594,0.4506594,0.34150916,0.42574573,0.46716523,0.4718609,0.5088216,0.6506029,0.5266469,0.5737872,0.45499998,0.31059325,0.30900648,0.4220655,0.5089879,0.34778547,0.29872608,0.47769296,0.5412638,0.45542565,0.50627005,0.4511003,0.40878487,0.5005887,0.4211211,0.44573572,0.44102037,0.43961322,0.41443032,0.45442402,0.58363706,0.3313085,0.42260313
0.6225545,0.39550412,0.49047387,0.53156763,0.4234311,0.64946425,0.66916794,1.0,0.6068367,0.5125831,0.39812124,0.3908273,0.42498255,0.57642436,0.36952382,0.33383387,0.31235898,0.29599077,0.5297253,0.499353,0.5164051,0.5892539,0.45100632,0.56237286,0.17760155,0.24743748,0.3593059,0.44499785,0.43887347,0.36621505,0.4119286,0.4998701,0.35617307,0.20752242,0.2975549,0.14192623,0.50285006,0.19399783,0.25918627,0.48185492,0.36924714,0.40408877,0.24652511,0.38283038,0.54896903,0.33263665,0.4769293,0.30715907,0.39339435,0.37072545,0.52630305,0.5629021,0.29622835,0.38980746,0.43694043,0.1902202,0.30186453,0.28727043,0.27030256,0.23417655,0.28319082,0.5278604,0.5703647,0.473541,0.5303509,0.63985276,0.3642639,0.63985276,0.49637133,0.53145295,0.5583595,0.5583595,0.4485892,0.6378207,0.5928997,0.22969145,0.43295366,0.37592638,0.350569,0.21224037,0.4281763,0.291691,0.39096788,0.388516,0.24698775,0.29014853,0.3566196,0.29879835,0.2524751,0.2524751,0.3872748,0.3969667,0.34051168,0.3358671,0.3358671,0.3080804,0.42165744,0.3413483,0.35542142,0.33907437,0.36732867,0.3492185,0.44262373,0.39483166,0.3692307,0.28272894,0.4526967,0.56640244,0.56640244,0.42107087,0.40585,0.43653953,0.44460517,0.5660132,0.5794719,0.49897122,0.54603267,0.54467916,0.41483453,0.35428685,0.38031173,0.48154375,0.348434,0.4185387,0.47325587,0.55929005,0.5242509,0.53318894,0.41212833,0.40415865,0.54413426,0.42957827,0.47580937,0.4895056,0.46031874,0.45922238,0.43470964,0.5473813,0.36351338,0.37759572
0.4317308,0.37320292,0.3851465,0.4843138,0.51496464,0.36041722,0.52974594,0.6068367,0.99999976,0.6565668,0.34631366,0.5614257,0.67395675,0.53326774,0.4464121,0.38183343,0.33161283,0.50112146,0.35841364,0.37470245,0.50967145,0.4294808,0.41939664,0.2923199,0.23025629,0.3533256,0.4430232,0.52841353,0.25288492,0.363565,0.46729052,0.46816802,0.44260937,0.25837398,0.22952703,0.14360061,0.47564453,0.3296525,0.46285003,0.53397477,0.38750747,0.40684533,0.34762526,0.3041871,0.48794657,0.4941777,0.42134744,0.43369973,0.3545762,0.2813186,0.32520247,0.30841556,0.19948894,0.3297025,0.66345495,0.080318585,0.1704776,0.26323253,0.21463841,0.22971675,0.31513557,0.34982976,0.38472244,0.5242121,0.54398656,0.6074077,0.14085045,0.6074077,0.5149867,0.36915916,0.33545977,0.33545977,0.4693575,0.4832909,0.5241641,0.15006486,0.20116198,0.4520216,0.23714122,0.25106025,0.30655274,0.030351348,0.32765412,0.28987885,0.28079265,0.34724203,0.2948522,0.23695165,0.04193775,0.04193775,0.2858998,0.22957447,0.047327507,0.11181225,0.11181225,0.18266852,0.25636578,0.05466494,0.13684054,0.19502418,0.38593942,0.48901778,0.35118115,0.37831104,0.6088497,0.15554243,0.57316005,0.5710524,0.5710524,0.41026926,0.27441508,0.39189893,0.4329241,0.37294376,0.3740301,0.2839449,0.49254453,0.27473217,0.14219236,0.1048282,0.25810227,0.3421639,0.26434553,0.33703974,0.44336903,0.39229482,0.44078684,0.37457263,0.23948714,0.19495031,0.3519968,0.2458964,0.32967177,0.35784018,0.3445558,0.29492268,0.33653975,0.35974622,0.30083504,0.56846887
0.40841654,0.5017206,0.5563319,0.6136414,0.73402363,0.36653417,0.49298406,0.5125831,0.6565668,0.99999976,0.45874637,0.5836258,0.5005101,0.5922294,0.5031719,0.4773076,0.4932253,0.5497076,0.36355862,0.32842106,0.47911885,0.5369643,0.39017415,0.39145273,0.33972543,0.40732533,0.4721944,0.5208317,0.3779987,0.46347696,0.5851485,0.5790626,0.4970442,0.3566116,0.32878983,0.25997204,0.5440402,0.40805852,0.4741013,0.55316323,0.42724898,0.5443061,0.38368264,0.40488487,0.57697743,0.527982,0.44945806,0.56510615,0.4340733,0.41440365,0.40299118,0.4145606,0.23928173,0.34822387,0.7269909,0.14393914,0.2788198,0.30317867,0.25201765,0.18011272,0.3879243,0.42480668,0.4416124,0.50734913,0.57748115,0.6849342,0.30754948,0.6849342,0.5540654,0.44238812,0.50593156,0.50593156,0.5492083,0.59986067,0.586874,0.2913196,0.3214382,0.50627637,0.30004454,0.34653595,0.32708132,0.12074152,0.2853526,0.38446394,0.26444784,0.27829516,0.38652474,0.28284025,0.16112043,0.16112043,0.58126336,0.3957038,0.2066316,0.23221296,0.23221296,0.29263735,0.38152108,0.14332601,0.17096047,0.24616194,0.5449765,0.5000049,0.4302984,0.48877588,0.5496774,0.15526795,0.79164433,0.78131723,0.78131723,0.50622356,0.42561945,0.46174598,0.47816366,0.48203945,0.4425342,0.4037032,0.53386295,0.34367293,0.26315027,0.25604624,0.3549378,0.4368109,0.28996822,0.3466152,0.4596752,0.45363808,0.48320752,0.4885927,0.3832386,0.2692683,0.35769027,0.4427269,0.46241105,0.44893134,0.46450806,0.41212654,0.40527436,0.31404775,0.45727664,0.6227349
0.43281323,0.4850023,0.63230276,0.5882522,0.56400585,0.4175862,0.46670434,0.39812124,0.34631366,0.45874637,0.9999999,0.7485293,0.48236677,0.4733256,0.4190474,0.43827495,0.33221945,0.3951201,0.32354766,0.3089166,0.3899749,0.47941148,0.43678772,0.44494182,0.36185285,0.45441887,0.4857298,0.48680782,0.5527065,0.43544,0.45857766,0.42248732,0.35395253,0.26123518,0.3925104,0.36289126,0.5684929,0.45158982,0.50474083,0.55617595,0.45848793,0.44456875,0.3488896,0.40122873,0.37865812,0.45413768,0.30326575,0.49457645,0.39499563,0.5273969,0.5281807,0.4805843,0.32892206,0.35995972,0.4791113,0.28975022,0.28571403,0.64513165,0.2793786,0.14969127,0.29909125,0.6323168,0.29360825,0.42282465,0.49838674,0.4649176,0.41332057,0.4649176,0.44748515,0.5137078,0.47223416,0.47223416,0.553221,0.535788,0.4792661,0.48870838,0.48942393,0.53144443,0.5797167,0.39740628,0.57360023,0.27119976,0.34273392,0.4548652,0.29810956,0.31928676,0.5802381,0.40070164,0.44816214,0.44816214,0.4476204,0.3855601,0.3987925,0.47931772,0.47931772,0.5494882,0.49486506,0.44538975,0.36543608,0.36280024,0.3922425,0.35968333,0.37890553,0.27187705,0.46115136,0.27224487,0.37991083,0.40251505,0.40251505,0.24874526,0.37197605,0.36194178,0.39874423,0.47126228,0.52031785,0.49470866,0.50308347,0.44361913,0.3611376,0.3891603,0.38206658,0.448807,0.23967856,0.27684325,0.541283,0.31094074,0.32930395,0.33479753,0.40681994,0.41624072,0.3003649,0.46866238,0.469783,0.45863527,0.48864576,0.41939738,0.47592545,0.41240942,0.30895567,0.4170411
0.39967346,0.48976195,0.5953696,0.5706184,0.5679872,0.36810946,0.48275948,0.3908273,0.5614257,0.5836258,0.7485293,0.99999994,0.62918544,0.53296196,0.41247585,0.43832114,0.35334682,0.52267003,0.34056354,0.2772447,0.41805744,0.53808486,0.4515682,0.41065866,0.38821518,0.5168928,0.5292665,0.4698723,0.5029336,0.38658416,0.5107084,0.43817198,0.43861973,0.29243028,0.36669633,0.30191392,0.5486198,0.46349025,0.5429436,0.6207999,0.54169273,0.5246982,0.43396702,0.46825022,0.4390666,0.5017923,0.3686952,0.54113907,0.40373477,0.4821375,0.45783794,0.4380539,0.29471344,0.33905476,0.6637396,0.18024231,0.2696665,0.6341038,0.25472975,0.13954057,0.3992215,0.53530014,0.23318408,0.4608438,0.53852975,0.5396552,0.31859052,0.5396552,0.5270871,0.5076535,0.3984251,0.3984251,0.638505,0.59741366,0.57352245,0.51235586,0.4131863,0.6634654,0.59776974,0.43322945,0.6108333,0.2030462,0.396793,0.45180005,0.44387096,0.41900367,0.5895697,0.2729124,0.32525715,0.32525715,0.42984003,0.344876,0.29053107,0.3773969,0.3773969,0.5067729,0.42238855,0.33401716,0.22825143,0.3128544,0.4113912,0.42721432,0.43975648,0.29985136,0.58888716,0.21273895,0.43039197,0.42895418,0.42895418,0.34603852,0.2779308,0.33967578,0.35031217,0.35520625,0.50967884,0.38332427,0.46360052,0.37895292,0.31426713,0.3075908,0.3529269,0.41878814,0.2270602,0.20900798,0.55226374,0.31333965,0.34830695,0.34481713,0.3508417,0.32430828,0.25419575,0.44240946,0.43392152,0.4506737,0.44284153,0.38187456,0.45020625,0.3854044,0.35071522,0.5772963
0.39892453,0.3932978,0.45889908,0.5486784,0.46788102,0.34869117,0.48019278,0.42498255,0.67395675,0.5005101,0.48236677,0.62918544,1.0000001,0.5068518,0.39231777,0.38936442,0.34760007,0.469581,0.34769815,0.3741939,0.32078227,0.38951144,0.35048383,0.39920458,0.33191693,0.44512552,0.49379522,0.4686702,0.43376055,0.34167948,0.49250418,0.5069751,0.40485066,0.26777112,0.2869486,0.2253201,0.519488,0.3774554,0.47848025,0.58223593,0.40553573,0.49061453,0.36600092,0.4283855,0.49794424,0.46617588,0.33229846,0.43404624,0.32441923,0.37440413,0.4369761,0.45355502,0.2995044,0.38643846,0.58290404,0.1711736,0.23275724,0.37411225,0.2645963,0.108343154,0.2406615,0.43780583,0.2525421,0.52621627,0.51593626,0.48254874,0.22704723,0.48254874,0.579733,0.53350997,0.46434063,0.46434063,0.48554498,0.5414727,0.50192535,0.26275155,0.3292731,0.5344151,0.48767826,0.37648112,0.5179872,0.15277056,0.396325,0.4290629,0.39946687,0.5237708,0.47164178,0.26414984,0.21647382,0.21647382,0.32546166,0.23976561,0.11965841,0.20558906,0.20558906,0.2606699,0.29879868,0.20579019,0.16714732,0.19148093,0.4025564,0.39920855,0.39594266,0.35890996,0.55386245,0.20676062,0.36769718,0.4196506,0.4196506,0.3042838,0.30487335,0.34948343,0.35735,0.3996019,0.4428699,0.383439,0.4330788,0.30218652,0.22828749,0.23110983,0.29210222,0.3933207,0.1948199,0.2990101,0.4162327,0.39833826,0.39316702,0.41874868,0.23615678,0.25514677,0.29561883,0.3345825,0.33218122,0.32154393,0.3896697,0.2889837,0.3610227,0.45916992,0.22402468,0.55756676
0.49740797,0.4746282,0.5178232,0.5573139,0.6080695,0.42229104,0.57586896,0.57642436,0.53326774,0.5922294,0.4733256,0.53296196,0.5068518,1.0000004,0.5469528,0.47556415,0.44408992,0.5466482,0.6911758,0.5032006,0.41203946,0.6468865,0.553772,0.424074,0.4128353,0.4694537,0.59854066,0.6011269,0.45391214,0.3967597,0.5111854,0.5879713,0.569823,0.35487208,0.5039697,0.44783914,0.5462485,0.46669912,0.53454494,0.57605755,0.4931502,0.5768436,0.47006178,0.5658525,0.4994555,0.477564,0.7232397,0.54005075,0.44010723,0.50961137,0.42717013,0.44066483,0.3086358,0.3562367,0.55371475,0.32425433,0.40036234,0.3548295,0.40480897,0.22324988,0.5016321,0.55801916,0.42931557,0.5831938,0.54882026,0.66468185,0.35236353,0.66468185,0.5324633,0.46858677,0.6730065,0.6730065,0.53560966,0.6527021,0.5848563,0.3888324,0.47469047,0.4458657,0.4194318,0.2850652,0.38124788,0.31909674,0.37037662,0.37916923,0.28432283,0.3308401,0.390666,0.30957997,0.22235198,0.22235198,0.41898507,0.36247957,0.26008922,0.29615062,0.29615062,0.3079769,0.38664368,0.31456178,0.2746238,0.30979842,0.54307675,0.54025537,0.534939,0.43073422,0.62325543,0.4052198,0.51110953,0.52325904,0.52325904,0.48643333,0.52118015,0.5544348,0.5901735,0.59315646,0.6471877,0.53890586,0.62631524,0.5528799,0.4331171,0.46124178,0.51539755,0.5620446,0.39798772,0.41645747,0.5026339,0.55311036,0.47831792,0.55427545,0.43448985,0.40707076,0.3871236,0.5262345,0.51421314,0.4921351,0.5211544,0.4883793,0.4853258,0.53785205,0.47975177,0.5735779
0.37024492,0.4861979,0.47863144,0.482578,0.6025101,0.2852752,0.39249694,0.36952382,0.4464121,0.5031719,0.4190474,0.41247585,0.39231777,0.5469528,1.0000002,0.51508856,0.7090821,0.656369,0.36409873,0.3687295,0.32112753,0.36254352,0.4234659,0.30193257,0.36701578,0.3906956,0.5256264,0.47552642,0.37172794,0.5180235,0.4805935,0.49053514,0.5989484,0.37615997,0.40009975,0.37202978,0.54337966,0.557294,0.5576738,0.44123018,0.40442812,0.29589376,0.33148378,0.28256702,0.42541033,0.5491662,0.37423357,0.51424426,0.37477314,0.48612547,0.2592676,0.25572908,0.2073383,0.30905366,0.45196733,0.20439406,0.23018347,0.21766232,0.26826724,0.15105028,0.36398828,0.37088224,0.22556107,0.3237779,0.39306343,0.4319526,0.28122416,0.4319526,0.38536888,0.30620003,0.3534131,0.3534131,0.47659275,0.41790026,0.399184,0.34664947,0.29790476,0.38214624,0.2983517,0.29668188,0.25449848,0.0058578197,0.2429856,0.31524,0.17243147,0.20995493,0.41166764,0.2593744,0.22992265,0.22992265,0.47652376,0.21679479,0.19837436,0.21069369,0.21069369,0.1775338,0.3084733,0.22389391,0.12592599,0.2116211,0.5182569,0.46934372,0.47165474,0.36548313,0.4460631,0.08170784,0.48184764,0.44768912,0.44768912,0.48042405,0.48242623,0.4668312,0.5452986,0.45758456,0.44055814,0.4349764,0.52725375,0.27892208,0.3088606,0.31411555,0.35465217,0.30894804,0.31116048,0.24775046,0.40270108,0.4668246,0.40017095,0.37314436,0.31973797,0.27901533,0.17356595,0.3815177,0.4187398,0.38754967,0.4186688,0.39017993,0.3659132,0.25752386,0.48754695,0.67283106
0.46402287,0.59581053,0.5733142,0.6127241,0.6729095,0.36571825,0.3532983,0.33383387,0.38183343,0.4773076,0.43827495,0.43832114,0.38936442,0.47556415,0.51508856,1.0,0.6266021,0.6215611,0.41216165,0.33914518,0.44569543,0.4365756,0.41355604,0.4440078,0.48451838,0.49904972,0.58407634,0.5138407,0.6601633,0.48495218,0.7155329,0.44986162,0.47930393,0.3482138,0.53559566,0.32912987,0.6178086,0.5555455,0.5762216,0.47559437,0.36505738,0.25758952,0.30987132,0.3335324,0.6158908,0.5464212,0.40667304,0.5172818,0.5367315,0.569733,0.3915297,0.34082335,0.29263282,0.34151256,0.49270532,0.31121737,0.27906865,0.2732588,0.41325283,0.34838474,0.40629575,0.45597845,0.23321976,0.255344,0.3595991,0.46092114,0.39391255,0.46092114,0.34929353,0.22125146,0.3403625,0.3403625,0.5339346,0.40836677,0.44907513,0.41470683,0.35819584,0.4215644,0.2692555,0.3516059,0.2635014,0.018121572,0.26968455,0.3682123,0.24624088,0.254179,0.46468532,0.25987327,0.34023666,0.34023666,0.51063865,0.29190537,0.2471539,0.3175236,0.3175236,0.21750718,0.41221803,0.23811394,0.2507583,0.32589328,0.60036004,0.46490896,0.61965144,0.39680576,0.47253072,0.18091524,0.5321206,0.44607693,0.44607693,0.50662464,0.45154318,0.45490247,0.46801686,0.46625334,0.54367614,0.48279083,0.5017831,0.33475482,0.3318424,0.33328182,0.30178407,0.3982185,0.33377904,0.23676795,0.49270016,0.5385381,0.43980438,0.4476045,0.36326873,0.30988783,0.22598001,0.51120794,0.3795889,0.38600558,0.41594076,0.3582645,0.3887636,0.38379174,0.3373388,0.5722579
0.35734296,0.5534849,0.53171396,0.4858631,0.6007699,0.19350407,0.3589863,0.31235898,0.33161283,0.4932253,0.33221945,0.35334682,0.34760007,0.44408992,0.7090821,0.6266021,0.99999976,0.7074012,0.34337634,0.2802354,0.31341654,0.40642697,0.39798695,0.44200248,0.44368833,0.38655943,0.5057453,0.41026288,0.49477568,0.441732,0.4665487,0.52389216,0.4786445,0.3494174,0.5131005,0.2857545,0.6533892,0.5126167,0.5461584,0.40483773,0.37860924,0.17384556,0.36536023,0.33520883,0.5374329,0.50284135,0.32565206,0.4545197,0.49175394,0.49548945,0.31506062,0.34580988,0.20707977,0.37134615,0.42181593,0.28624207,0.24928302,0.21464175,0.37570783,0.25018725,0.41918197,0.4043057,0.18193457,0.2114561,0.31512815,0.4187082,0.33020723,0.4187082,0.33797586,0.23877935,0.35076714,0.35076714,0.55073035,0.4438038,0.40725023,0.3185096,0.3188311,0.34434345,0.2835384,0.32416135,0.30988678,0.014711976,0.26054084,0.3440505,0.3169052,0.32136235,0.46670836,0.2523469,0.24228731,0.24228731,0.47831106,0.26499403,0.26404536,0.25481176,0.25481176,0.09556844,0.391914,0.2600209,0.22140196,0.2892732,0.5120545,0.42179328,0.56698,0.41101032,0.3068128,0.057671376,0.534395,0.44861913,0.44861913,0.50330544,0.43233722,0.42796886,0.43159097,0.4077404,0.46800372,0.4414696,0.44702685,0.27598265,0.31994152,0.26177347,0.27363807,0.2872373,0.25209466,0.16857684,0.38560015,0.53175247,0.40324757,0.3919443,0.3544557,0.2375348,0.137333,0.47834793,0.47971195,0.46337074,0.48006505,0.44387048,0.46465492,0.27312186,0.46407193,0.64942086
0.37266672,0.57184875,0.5384274,0.518765,0.6460546,0.25600564,0.37564674,0.29599077,0.50112146,0.5497076,0.3951201,0.52267003,0.469581,0.5466482,0.656369,0.6215611,0.7074012,0.99999976,0.39641568,0.31596816,0.4099598,0.41321963,0.48262376,0.3584145,0.47343755,0.47843897,0.51453096,0.49166244,0.41589782,0.46289587,0.6012553,0.44768107,0.6074011,0.32905483,0.45417565,0.3365248,0.64372885,0.5539906,0.6764759,0.51433736,0.42470157,0.3420241,0.43365026,0.43644276,0.52023935,0.6086691,0.44732034,0.64659846,0.44402623,0.4912732,0.33784124,0.3078379,0.23608722,0.36033088,0.5276302,0.2883185,0.24964762,0.2953262,0.3649336,0.23238881,0.42848545,0.44457546,0.19536303,0.31968313,0.35146064,0.50281036,0.31630355,0.50281036,0.40061486,0.29793176,0.3578334,0.3578334,0.6576373,0.4281459,0.43551016,0.36853743,0.32694235,0.46492934,0.29385775,0.34176767,0.28816283,0.05500684,0.2605094,0.30568883,0.29306906,0.31999034,0.4369821,0.20931199,0.21561922,0.21561922,0.50415957,0.26306307,0.1829166,0.2338672,0.2338672,0.23171674,0.31855482,0.1770579,0.1494393,0.23248334,0.5613022,0.5618675,0.607156,0.43368685,0.471758,0.14839837,0.5266203,0.44459885,0.44459885,0.51886845,0.40018743,0.44733083,0.483573,0.3989655,0.483441,0.41751635,0.4665869,0.29190308,0.29076615,0.26530397,0.3682987,0.3490721,0.3408154,0.1982467,0.49708277,0.49123627,0.3668033,0.37554032,0.27881008,0.32124466,0.17378078,0.4009099,0.38805693,0.38738424,0.4258384,0.3688566,0.39524978,0.3333442,0.43585616,0.7761332
0.41066128,0.31428203,0.2906891,0.3384809,0.40615988,0.4627306,0.47703463,0.5297253,0.35841364,0.36355862,0.32354766,0.34056354,0.34769815,0.6911758,0.36409873,0.41216165,0.34337634,0.39641568,1.0,0.45174056,0.34506208,0.54755116,0.5915791,0.4753297,0.30208492,0.29801118,0.4907844,0.37326002,0.38201588,0.2924452,0.34676778,0.32977986,0.530635,0.20357072,0.502517,0.30519235,0.52916384,0.3063448,0.41971087,0.4015997,0.43762773,0.37196153,0.30846047,0.5440703,0.48920304,0.33092356,0.6806755,0.32871303,0.3722154,0.46713775,0.42465502,0.4952488,0.36127925,0.4299649,0.39915198,0.31791067,0.40582436,0.23133215,0.53600794,0.25454926,0.5440791,0.55271304,0.42091882,0.41968897,0.27641502,0.54781806,0.2496257,0.54781806,0.38568425,0.30381048,0.55678123,0.55678123,0.3160764,0.544008,0.4234786,0.30331266,0.3726632,0.18946649,0.18425217,0.090683006,0.22167867,0.35938138,0.19981217,0.19488257,0.16743375,0.2502247,0.20171922,0.20406297,0.18508801,0.18508801,0.2143285,0.33572972,0.2245492,0.18284033,0.18284033,0.21011737,0.18696317,0.25260782,0.17309524,0.25137177,0.4006572,0.49519646,0.54763556,0.39910612,0.43089873,0.41137967,0.3830744,0.43802798,0.43802798,0.48199624,0.52768743,0.5537926,0.5820428,0.6003084,0.6593859,0.5495877,0.5589959,0.55239785,0.4787861,0.5225581,0.5481188,0.590309,0.37640738,0.28488985,0.4099241,0.48580378,0.4759242,0.5655457,0.45373625,0.5654742,0.41473925,0.57628417,0.5035769,0.4935149,0.49841672,0.50253886,0.44733715,0.6038085,0.5186076,0.3596773
0.38590986,0.33623433,0.34137273,0.42396,0.39751306,0.45308024,0.5402616,0.499353,0.37470245,0.32842106,0.3089166,0.2772447,0.3741939,0.5032006,0.3687295,0.33914518,0.2802354,0.31596816,0.45174056,0.99999964,0.4371547,0.4794429,0.45565122,0.37035978,0.2766435,0.30393612,0.39362034,0.32251948,0.42132902,0.28391093,0.31704736,0.35084593,0.36069828,0.17688099,0.27304232,0.19029275,0.4443195,0.2322579,0.33486143,0.32659137,0.26484296,0.21938923,0.17918882,0.2762215,0.39533758,0.36424285,0.53248477,0.2568856,0.33093715,0.39113688,0.3802576,0.30001217,0.20458464,0.21283996,0.3280692,0.28235528,0.356355,0.19405054,0.15521367,0.22469217,0.19942069,0.4757675,0.277812,0.29438233,0.35868046,0.41619253,0.23409478,0.41619253,0.27478302,0.25278124,0.3355527,0.3355527,0.322294,0.3440219,0.29314488,0.24277923,0.33346075,0.3176001,0.28057846,0.19023377,0.19881943,0.10125056,0.19132379,0.20774005,0.07180606,0.098258555,0.3097171,0.28355828,0.24505527,0.24505527,0.28933823,0.23475868,0.14488414,0.17148668,0.17148668,0.18164352,0.24120113,0.19577548,0.1270368,0.14393045,0.3411965,0.38778105,0.42812204,0.3604933,0.44256985,0.22083986,0.29632753,0.37084633,0.37084633,0.33472845,0.30143785,0.30150276,0.36143842,0.39998478,0.48417002,0.41633305,0.37788898,0.33165044,0.2593236,0.25272873,0.28196943,0.3809708,0.25786486,0.22699893,0.37332028,0.50161594,0.41130042,0.4931699,0.24795094,0.33029595,0.31167418,0.3708474,0.3335556,0.32433534,0.35074082,0.32970652,0.33755267,0.37799942,0.28993466,0.37361825
0.49840268,0.51440346,0.5290452,0.570044,0.5678103,0.5662,0.5334919,0.5164051,0.50967145,0.47911885,0.3899749,0.41805744,0.32078227,0.41203946,0.32112753,0.44569543,0.31341654,0.4099598,0.34506208,0.4371547,1.0000002,0.5387713,0.50701535,0.46794996,0.2503824,0.23260707,0.43538588,0.520939,0.3472099,0.3881653,0.5150396,0.37621564,0.3544758,0.18106833,0.421845,0.27185723,0.5341798,0.2644542,0.36767846,0.59519476,0.27951837,0.23389989,0.22537468,0.18800294,0.46164957,0.4347798,0.34760422,0.42846915,0.38939843,0.3470248,0.42279062,0.3269707,0.19516554,0.24888971,0.500507,0.1547561,0.18227446,0.21202564,0.1913917,0.34007072,0.2832958,0.4243,0.31482294,0.25305283,0.4431839,0.46949247,0.36396223,0.46949247,0.41421035,0.3053059,0.24045682,0.24045682,0.48695987,0.37939858,0.48846787,0.28400135,0.21972129,0.41271025,0.2500366,0.35583222,0.29861885,0.02990313,0.25023732,0.31319818,0.20213518,0.2033509,0.45276237,0.27904093,0.3406447,0.3406447,0.41648275,0.30044606,0.25183135,0.29224294,0.29224294,0.25155562,0.4437148,0.2628745,0.28284258,0.28238037,0.4381466,0.30055094,0.3496498,0.3442881,0.43222672,0.18130648,0.49120617,0.458026,0.458026,0.39985624,0.37151194,0.47755635,0.50192744,0.47267592,0.46475267,0.3552892,0.45272392,0.37797728,0.19391224,0.17871578,0.33295378,0.41400707,0.3340669,0.32288998,0.5115996,0.5387815,0.5379429,0.37321174,0.3196849,0.35474116,0.32600805,0.31448042,0.390272,0.4123187,0.3740045,0.3965283,0.39790112,0.33808318,0.2924763,0.49716866
0.5233406,0.49965966,0.61036044,0.6074614,0.5204636,0.50922537,0.52475095,0.5892539,0.4294808,0.5369643,0.47941148,0.53808486,0.38951144,0.6468865,0.36254352,0.4365756,0.40642697,0.41321963,0.54755116,0.4794429,0.5387713,0.99999976,0.58672,0.5155469,0.3613597,0.32845068,0.5008343,0.47927845,0.5248595,0.37126848,0.4371648,0.47556186,0.45948952,0.26963687,0.48482475,0.34608257,0.5974455,0.30733597,0.44512984,0.54462886,0.47480032,0.4117623,0.513246,0.514899,0.5296055,0.45731488,0.5131535,0.5084462,0.4568633,0.5513855,0.54438126,0.5274057,0.2900622,0.359928,0.51371115,0.32583094,0.37985796,0.37395638,0.31045863,0.22289217,0.6096094,0.64781916,0.39477348,0.41223887,0.51043683,0.62485504,0.46012604,0.62485504,0.40419188,0.39599192,0.5039101,0.5039101,0.516777,0.57560766,0.5615255,0.435471,0.4721422,0.42012152,0.43559515,0.3711071,0.47854704,0.31628022,0.40859723,0.40538967,0.28259313,0.2753432,0.50042367,0.22774974,0.31978917,0.31978917,0.45056677,0.39252388,0.38873148,0.4311539,0.4311539,0.30280912,0.5482595,0.365889,0.3917044,0.4149865,0.41316617,0.4772297,0.46404976,0.3044853,0.4792118,0.40308398,0.4737497,0.5430989,0.5430989,0.46710375,0.48189428,0.52198076,0.5380926,0.6068122,0.6861603,0.5616733,0.61584455,0.64056,0.49949068,0.4728107,0.46875727,0.6015923,0.36889526,0.36170208,0.53796065,0.5458431,0.48966914,0.5267518,0.56398684,0.4215132,0.39598852,0.65368557,0.670171,0.6651263,0.63901734,0.6087563,0.59102476,0.51947224,0.58143514,0.5101601
0.3083986,0.36753616,0.43031812,0.3536023,0.49188006,0.3947969,0.55787575,0.45100632,0.41939664,0.39017415,0.43678772,0.4515682,0.35048383,0.553772,0.4234659,0.41355604,0.39798695,0.48262376,0.5915791,0.45565122,0.50701535,0.58672,1.0000002,0.43195066,0.32449496,0.33223176,0.49333063,0.3849675,0.3471576,0.35923368,0.39770335,0.3781587,0.6970429,0.18943433,0.5366026,0.4001105,0.5586721,0.2994964,0.4640241,0.51588845,0.5113703,0.31259677,0.40830517,0.40379143,0.45157576,0.39036933,0.56764317,0.44560865,0.4313674,0.63515836,0.4791042,0.46350306,0.33850256,0.40566042,0.45341188,0.23495364,0.32758862,0.260282,0.29309624,0.2928842,0.539081,0.6285162,0.315423,0.2777372,0.30666387,0.4885081,0.40334556,0.4885081,0.32457525,0.31982598,0.47203863,0.47203863,0.48561823,0.44888094,0.41607273,0.5691156,0.42563525,0.34712896,0.3487041,0.24128944,0.35061136,0.17407325,0.24904802,0.22802752,0.30019537,0.33596647,0.4212127,0.25120646,0.22054748,0.22054748,0.2626765,0.3944252,0.29300776,0.3094405,0.3094405,0.27412978,0.3089043,0.28540975,0.2545408,0.32251197,0.38557118,0.53809655,0.4976974,0.27120557,0.5270853,0.335908,0.39620915,0.43373019,0.43373019,0.4395842,0.519871,0.5869989,0.6051445,0.5464224,0.5693825,0.47028443,0.5696441,0.49583283,0.35292262,0.38356918,0.5864037,0.51643777,0.3358714,0.21571134,0.45762372,0.43857247,0.4572178,0.38924924,0.4463684,0.4904905,0.38266188,0.5402055,0.5377097,0.53710806,0.5285845,0.50348026,0.5238395,0.5095711,0.57209074,0.48596516
0.5996944,0.43417928,0.50711536,0.54574907,0.45715088,0.52576387,0.4521446,0.56237286,0.2923199,0.39145273,0.44494182,0.41065866,0.39920458,0.424074,0.30193257,0.4440078,0.44200248,0.3584145,0.4753297,0.37035978,0.46794996,0.5155469,0.43195066,1.0,0.4696591,0.3272307,0.42139834,0.33933228,0.6056651,0.44545996,0.41369998,0.34759098,0.3769446,0.2477122,0.4266948,0.25607303,0.54404926,0.3519749,0.44920412,0.4646489,0.31692374,0.38639313,0.19581243,0.31278497,0.62435675,0.37848884,0.31489277,0.29075515,0.51738465,0.5374726,0.6069882,0.6480333,0.24194932,0.3864025,0.3622836,0.35622364,0.2921847,0.3119564,0.3828197,0.3321017,0.33786923,0.60779893,0.31270817,0.299145,0.40015545,0.46470934,0.29590255,0.46470934,0.40216565,0.56204706,0.47343528,0.47343528,0.38183787,0.59454185,0.5420464,0.4041974,0.4298089,0.32213426,0.33223194,0.22554138,0.39844483,0.1846889,0.2858751,0.297449,0.21650857,0.27086568,0.44377112,0.25259504,0.31927228,0.31927228,0.40849274,0.41451675,0.39624912,0.41865128,0.41865128,0.33824408,0.44864637,0.44031534,0.3124485,0.34876442,0.38252926,0.34454685,0.4923974,0.37466916,0.273404,0.15615197,0.36814916,0.37970632,0.37970632,0.3618071,0.32127893,0.34156793,0.34752166,0.4754477,0.55594915,0.3991695,0.3762768,0.41610336,0.31360406,0.3429888,0.23609337,0.35739738,0.2307714,0.14907654,0.4048884,0.41130227,0.47466427,0.39121455,0.3662712,0.38435626,0.25025505,0.49686095,0.4779498,0.47197795,0.47652584,0.4800311,0.48136428,0.44999415,0.3356197,0.37989557
0.34263837,0.3891163,0.45869845,0.46291268,0.5249833,0.17362806,0.1918934,0.17760155,0.23025629,0.33972543,0.36185285,0.38821518,0.33191693,0.4128353,0.36701578,0.48451838,0.44368833,0.47343755,0.30208492,0.2766435,0.2503824,0.3613597,0.32449496,0.4696591,0.9999998,0.54621404,0.5379976,0.382642,0.50542617,0.52129954,0.406602,0.34874725,0.36522537,0.55906993,0.4435249,0.39421916,0.49165922,0.56354475,0.60554814,0.40109745,0.3222931,0.32999164,0.30415165,0.28536648,0.4634937,0.40346542,0.36802354,0.37524724,0.5602387,0.6218855,0.443183,0.30232412,0.25573075,0.2959212,0.329431,0.41089886,0.38294888,0.28252754,0.32083625,0.35787687,0.28729552,0.4893289,0.09671514,0.22991212,0.24917129,0.38615495,0.23552805,0.38615495,0.2540249,0.25869566,0.21933049,0.21933049,0.3925457,0.33544773,0.33037376,0.53173363,0.4399668,0.48774362,0.44973248,0.42755735,0.3339047,0.04518325,0.2914939,0.3053943,0.24446975,0.25410885,0.47340143,0.4058861,0.2651983,0.2651983,0.3833297,0.3456593,0.22987336,0.3315486,0.3315486,0.20371774,0.3277315,0.27839518,0.18600589,0.27261293,0.4185184,0.3768903,0.52507204,0.32329962,0.48273268,0.092298426,0.3841784,0.2798035,0.2798035,0.27307737,0.24535453,0.2319596,0.28094935,0.30375785,0.31466052,0.26051813,0.23535079,0.12742862,0.22186849,0.205446,0.15147042,0.18473539,0.09342572,0.11032969,0.4006968,0.24357834,0.23751783,0.25701436,0.21298212,0.14301027,0.034791935,0.4664477,0.37492147,0.37003508,0.41375327,0.35607934,0.3940292,0.18609728,0.26687202,0.4255613
0.27533358,0.3896469,0.44136223,0.46522212,0.54118353,0.260488,0.30567253,0.24743748,0.3533256,0.40732533,0.45441887,0.5168928,0.44512552,0.4694537,0.3906956,0.49904972,0.38655943,0.47843897,0.29801118,0.30393612,0.23260707,0.32845068,0.33223176,0.3272307,0.54621404,0.9999999,0.61104906,0.39817637,0.5463458,0.4576582,0.41008794,0.40783724,0.40146708,0.42176443,0.29999393,0.39060384,0.4084581,0.5572534,0.55193704,0.4312691,0.43375504,0.38122714,0.26348418,0.3628085,0.4164454,0.3068409,0.31291473,0.46342182,0.45681977,0.5872436,0.3908029,0.32392305,0.21042868,0.2854822,0.43164146,0.2773194,0.260426,0.33402678,0.28415257,0.35859042,0.22194937,0.4622678,0.2793988,0.3550294,0.38628367,0.4244135,0.23026732,0.4244135,0.38805678,0.3565397,0.27831092,0.27831092,0.4102571,0.41915625,0.42614007,0.58283854,0.49914455,0.57526225,0.58756983,0.38360938,0.27716115,0.089327306,0.22933364,0.30120167,0.35029852,0.3643976,0.46786225,0.47240898,0.21472436,0.21472436,0.4520632,0.19389087,0.13169524,0.21746139,0.21746139,0.2476025,0.2621732,0.21021041,0.17844513,0.2478441,0.5086782,0.42957917,0.45845938,0.20691407,0.50791556,0.08756061,0.3810517,0.3479371,0.3479371,0.2723305,0.34561765,0.35094586,0.37546566,0.37670463,0.40201026,0.3563572,0.39355695,0.1933385,0.25246418,0.23749834,0.29129502,0.30979547,0.24013627,0.2039859,0.34171516,0.28786454,0.39661562,0.2984236,0.25595164,0.198703,0.2318227,0.4827011,0.39585257,0.39180627,0.4259315,0.35363165,0.39151824,0.26060867,0.32034904,0.4110254
